# File's name is enrichment_filtered_with_gene_total_variant_count.txt

Gene,Gene_Name,Identifier,Variation.count,Benign,Likely.benign,VUS,Likely.pathogenic,Pathogenic,seq_len,Gene_Total_Count
A0A075B770,RERE,A0A075B770,8,0,0,0,0,0,213,8
A0A087WT15,ALG13,A0A087WT15,48,0,0,16,4,4,61,48
A0A087WT21,CECR2,A0A087WT21,5,0,0,0,0,0,1442,5
A0A087WTT9,ALG13,A0A087WTT9,22,0,0,0,0,0,171,22
A0A087WU44,CHD9,A0A087WU44,1,0,0,0,0,0,963,1
A0A087WUN6,KDM6A,A0A087WUN6,24,0,0,0,1,1,224,24
A0A087WV57,ZMYND8,A0A087WV57,2,0,0,0,0,0,767,2
A0A087WVF4,CHD1,A0A087WVF4,97,1,1,21,4,4,1798,97
A0A087WVG5,ALG13,A0A087WVG5,39,0,0,0,0,0,43,39
A0A087WVZ6,ZMYND8,A0A087WVZ6,4,0,0,0,0,0,1136,4
A0A087WW48,PHF2,A0A087WW48,1,0,0,0,0,0,328,1
A0A087WWG0,ATRX,A0A087WWG0,26,0,0,0,0,0,164,26
A0A087WWN0,ASXL1,A0A087WWN0,9,0,0,0,0,0,57,9
A0A087WX01,ALG13,A0A087WX01,91,0,0,0,0,0,51,91
A0A087WX43,ALG13,A0A087WX43,116,18,18,50,12,14,133,116
A0A087WYS3,ZMYND8,A0A087WYS3,2,0,0,0,0,0,1087,2
A0A087WYW5,KMT2E,A0A087WYW5,10,0,0,0,0,0,341,10
A0A087WYZ9,SETDB2,A0A087WYZ9,2,0,0,0,0,0,719,2
A0A087X085,JADE2,A0A087X085,2,0,0,0,0,0,833,2
A0A087X0E3,SRCAP,A0A087X0E3,140,0,0,1,0,0,1610,140
A0A087X0R0,KDM6A,A0A087X0R0,551,96,76,206,24,34,1453,551
A0A096LNJ4,ALG13,A0A096LNJ4,35,0,0,0,0,0,132,35
A0A096LNJ5,ALG13,A0A096LNJ5,17,0,0,0,0,0,77,17
A0A096LNL2,ALG13,A0A096LNL2,37,0,0,0,0,0,150,37
A0A096LNL6,ATRX,A0A096LNL6,31,0,0,0,0,0,198,31
A0A096LNL7,ATRX,A0A096LNL7,17,0,0,0,0,0,108,17
A0A096LNL9,ATRX,A0A096LNL9,440,0,0,0,0,0,1351,440
A0A096LNN3,ATRX,A0A096LNN3,148,0,0,0,0,0,528,148
A0A096LNR8,ATRX,A0A096LNR8,2,0,0,0,0,0,66,2
A0A096LNW1,ATRX,A0A096LNW1,317,0,0,0,0,0,954,317
A0A096LNX6,ATRX,A0A096LNX6,22,0,0,0,0,0,175,22
A0A096LP10,ALG13,A0A096LP10,35,0,0,0,0,0,162,35
A0A096LP54,ALG13,A0A096LP54,5,0,0,0,0,0,42,5
A0A096LP59,ATRX,A0A096LP59,68,0,0,0,0,0,293,68
A0A096LPG6,ATRX,A0A096LPG6,11,0,0,0,0,0,47,11
A0A096LPI3,ALG13,A0A096LPI3,267,0,0,0,0,0,1000,267
A0A096LPK3,ALG13,A0A096LPK3,12,0,0,0,0,0,35,12
A0A0A0MR70,EP400,A0A0A0MR70,2,0,0,0,0,0,374,2
A0A0A0MR72,EP400,A0A0A0MR72,6,0,0,0,0,0,826,6
A0A0A0MR80,EP400,A0A0A0MR80,6,0,0,0,0,0,985,6
A0A0A0MRF5,SIRT2,A0A0A0MRF5,6,0,0,0,0,0,234,6
A0A0A0MRL5,PRDM13,A0A0A0MRL5,16,0,0,0,0,0,121,16
A0A0A0MRP6,SMARCA1,A0A0A0MRP6,29,2,2,6,0,0,1058,29
A0A0A0MRR4,L3MBTL1,A0A0A0MRR4,2,0,0,0,0,0,743,2
A0A0A0MRY2,ZMYND11,A0A0A0MRY2,40,0,0,0,0,0,482,40
A0A0A0MS90,MBD1,A0A0A0MS90,1,0,0,0,0,0,566,1
A0A0A0MSS5,SMARCA2,A0A0A0MSS5,14,0,0,0,0,0,182,14
A0A0A0MSY9,EZH1,A0A0A0MSY9,5,0,0,1,1,1,738,5
A0A0A0MT03,SMARCA2,A0A0A0MT03,20,0,0,0,0,0,215,20
A0A0C4DFL8,KDM4B,A0A0C4DFL8,39,0,0,4,6,8,1096,39
A0A0C4DFT8,JADE2,A0A0C4DFT8,2,0,0,0,0,0,791,2
A0A0C4DFW2,ING1,A0A0C4DFW2,9,0,0,0,0,6,422,9
A0A0C4DG02,DNMT3A,A0A0C4DG02,570,10,10,168,184,202,689,570
A0A0C4DG74,TDRD5,A0A0C4DG74,1,0,0,0,0,0,491,1
A0A0C4DGF8,EHMT1,A0A0C4DGF8,289,0,0,0,0,0,803,289
A0A0C4DGG3,KDM2B,A0A0C4DGG3,1,0,0,0,0,0,704,1
A0A0C4DGG9,CHD4,A0A0C4DGG9,107,0,0,0,0,0,1937,107
A0A0C4DGJ6,MBD6,A0A0C4DGJ6,2,0,0,0,0,0,504,2
A0A0D9SEH6,CHD2,A0A0D9SEH6,8,0,0,0,0,0,35,8
A0A0D9SEP2,EHMT1,A0A0D9SEP2,96,0,0,0,0,0,106,96
A0A0D9SEP6,MBD5,A0A0D9SEP6,29,0,0,0,0,0,77,29
A0A0D9SEP7,CHD2,A0A0D9SEP7,162,0,0,0,0,0,704,162
A0A0D9SEQ1,EHMT1,A0A0D9SEQ1,258,0,0,0,0,0,432,258
A0A0D9SER3,EHMT1,A0A0D9SER3,114,0,0,0,0,0,137,114
A0A0D9SER9,EHMT1,A0A0D9SER9,88,0,0,0,0,0,230,88
A0A0D9SET4,CHD2,A0A0D9SET4,9,0,0,0,0,0,34,9
A0A0D9SEU0,CHD2,A0A0D9SEU0,278,0,0,0,0,0,1149,278
A0A0D9SEX1,MECP2,A0A0D9SEX1,16,0,0,0,0,0,41,16
A0A0D9SEY2,EHMT1,A0A0D9SEY2,31,0,0,0,0,0,108,31
A0A0D9SF16,MBD5,A0A0D9SF16,345,0,0,0,0,0,910,345
A0A0D9SF38,EHMT1,A0A0D9SF38,60,0,0,0,0,0,167,60
A0A0D9SF92,CHD2,A0A0D9SF92,35,0,0,0,0,0,113,35
A0A0D9SFA3,CHD2,A0A0D9SFA3,27,0,0,0,0,0,121,27
A0A0D9SFD7,EHMT1,A0A0D9SFD7,30,0,0,0,0,0,107,30
A0A0D9SFG7,EHMT1,A0A0D9SFG7,117,0,0,0,0,0,139,117
A0A0D9SFM0,SHPRH,A0A0D9SFM0,1,0,0,0,0,0,1687,1
A0A0D9SFM6,EHMT1,A0A0D9SFM6,30,0,0,0,0,0,117,30
A0A0D9SFS4,EHMT1,A0A0D9SFS4,111,0,0,0,0,0,134,111
A0A0D9SFV4,CHD2,A0A0D9SFV4,9,0,0,0,0,0,45,9
A0A0D9SFV8,CHD2,A0A0D9SFV8,21,0,0,0,0,0,71,21
A0A0D9SFX4,EHMT1,A0A0D9SFX4,186,0,0,0,0,0,268,186
A0A0D9SFX7,MECP2,A0A0D9SFX7,129,0,0,7,11,11,172,129
A0A0D9SG23,MBD5,A0A0D9SG23,408,0,0,0,0,0,1086,408
A0A0D9SGA6,CHD2,A0A0D9SGA6,9,0,0,0,0,0,31,9
A0A0D9SGD6,ZMYND11,A0A0D9SGD6,120,2,2,22,23,25,601,120
A0A0D9SGE8,PHF6,A0A0D9SGE8,40,0,0,0,6,6,366,40
A0A0D9SGK0,CHD2,A0A0D9SGK0,113,0,0,0,0,0,425,113
A0A0R4J2E1,CECR2,A0A0R4J2E1,5,0,0,0,0,0,1301,5
A0A0U1RQE1,SMARCA2,A0A0U1RQE1,37,0,0,1,2,2,228,37
A0A0U1RQP3,SMARCA2,A0A0U1RQP3,6,0,0,0,0,0,98,6
A0A0U1RQS1,SMARCA2,A0A0U1RQS1,4,0,0,0,0,0,62,4
A0A0U1RQU0,SMARCA2,A0A0U1RQU0,12,0,0,0,0,0,200,12
A0A0U1RQW7,SMARCA2,A0A0U1RQW7,12,0,0,0,0,0,229,12
A0A0U1RQX3,SMARCA2,A0A0U1RQX3,15,0,0,0,0,0,245,15
A0A0U1RQY2,PRDM9,A0A0U1RQY2,2,0,0,0,0,0,411,2
A0A0U1RQZ9,SMARCA2,A0A0U1RQZ9,209,0,0,1,16,18,1428,209
A0A0U1RR09,SMARCA2,A0A0U1RR09,16,0,0,0,0,0,202,16
A0A0U1RR26,SMARCA2,A0A0U1RR26,26,0,0,0,0,0,260,26
A0A0U1RR83,SMARCA2,A0A0U1RR83,15,0,0,0,0,0,244,15
A0A0U1RR87,EP300,A0A0U1RR87,24,0,0,0,0,0,187,24
A0A0U1RRD6,SMARCA2,A0A0U1RRD6,10,0,0,0,0,0,149,10
A0A0U1RRF5,SMARCA2,A0A0U1RRF5,1,0,0,0,0,0,38,1
A0A0U1RRF8,SMARCA2,A0A0U1RRF8,12,0,0,0,0,0,169,12
A0A0U1RRG6,SMARCA2,A0A0U1RRG6,24,0,0,0,0,0,270,24
A0A0U1RRJ4,SMARCA2,A0A0U1RRJ4,2,0,0,0,0,0,68,2
A0A0U1RRJ8,SMARCA2,A0A0U1RRJ8,6,0,0,0,0,0,57,6
A0A0U1RRN2,SMARCA2,A0A0U1RRN2,12,0,0,0,0,0,231,12
A0A1B0GTM9,CHD2,A0A1B0GTM9,23,0,0,0,0,0,98,23
A0A1B0GTP4,EHMT1,A0A1B0GTP4,43,0,0,0,0,0,153,43
A0A1B0GTU9,CHD2,A0A1B0GTU9,211,0,0,0,0,0,954,211
A0A1B0GTV0,MECP2,A0A1B0GTV0,67,0,0,7,14,14,53,67
A0A1B0GU48,EHMT1,A0A1B0GU48,443,0,0,0,0,0,981,443
A0A1B0GU54,SMARCA2,A0A1B0GU54,68,0,0,0,0,0,288,68
A0A1B0GU59,CHD2,A0A1B0GU59,56,0,0,0,0,0,219,56
A0A1B0GUD1,EHMT1,A0A1B0GUD1,1175,521,403,486,12,12,556,1175
A0A1B0GUJ9,MBD5,A0A1B0GUJ9,16,0,0,0,0,0,38,16
A0A1B0GUU0,CREBBP,A0A1B0GUU0,8,0,0,0,0,0,33,8
A0A1B0GV09,EHMT1,A0A1B0GV09,559,0,0,0,0,0,1267,559
A0A1B0GV89,EHMT1,A0A1B0GV89,63,0,0,0,0,0,112,63
A0A1B0GVW6,ALG13,A0A1B0GVW6,74,0,0,0,0,0,296,74
A0A1B0GVZ8,EHMT1,A0A1B0GVZ8,301,0,0,0,0,0,543,301
A0A1B0GW10,MBD5,A0A1B0GW10,557,0,0,0,0,0,1507,557
A0A1B0GW12,EHMT1,A0A1B0GW12,68,0,0,0,0,0,126,68
A0A1B0GW79,EHMT1,A0A1B0GW79,205,0,0,0,0,0,277,205
A0A1B0GWA8,SMARCA2,A0A1B0GWA8,68,0,0,0,0,0,279,68
A0A1B0GWF6,EHMT1,A0A1B0GWF6,118,0,0,0,0,0,370,118
A0A1B0GX09,PHF21A,A0A1B0GX09,7,0,0,0,0,0,133,7
A0A1B0GX99,PHF3,A0A1B0GX99,3,0,0,0,0,0,821,3
A0A1D5RMU1,PHF21A,A0A1D5RMU1,1,0,0,0,0,0,9,1
A0A1W2PPX9,SETD2,A0A1W2PPX9,1093,180,118,334,13,18,2520,1093
A0A1W2PPZ7,EHMT1,A0A1W2PPZ7,138,0,0,0,0,0,394,138
A0A1W2PRK2,TDRD12,A0A1W2PRK2,2,0,0,0,0,0,1330,2
A0A1W2PS06,SMARCA2,A0A1W2PS06,27,0,0,0,0,0,271,27
A0A1W2PS55,NSD1,A0A1W2PS55,54,1,1,1,0,0,332,54
A0A2R8Y212,CHD4,A0A2R8Y212,107,0,0,0,0,0,1914,107
A0A2R8Y425,CHD4,A0A2R8Y425,103,0,0,0,0,0,1889,103
A0A2R8Y440,SMARCA4,A0A2R8Y440,880,0,0,14,4,8,1192,880
A0A2R8Y461,ASXL3,A0A2R8Y461,71,0,0,0,0,0,1191,71
A0A2R8Y4C5,SMARCA4,A0A2R8Y4C5,688,0,0,9,4,7,1047,688
A0A2R8Y4P3,CHD8,A0A2R8Y4P3,91,0,0,0,0,0,1102,91
A0A2R8Y4P4,SMARCA4,A0A2R8Y4P4,1488,3,3,25,4,9,1649,1488
A0A2R8Y4R6,SMARCA4,A0A2R8Y4R6,99,0,0,1,3,3,234,99
A0A2R8Y4U9,ASXL1,A0A2R8Y4U9,4,0,0,0,0,0,85,4
A0A2R8Y4X2,CHD4,A0A2R8Y4X2,81,0,0,0,0,0,1262,81
A0A2R8Y512,CHD4,A0A2R8Y512,1,0,0,0,0,0,16,1
A0A2R8Y521,CHD4,A0A2R8Y521,105,0,0,0,0,0,1920,105
A0A2R8Y523,SMARCA4,A0A2R8Y523,618,0,0,10,4,7,799,618
A0A2R8Y526,SMARCA4,A0A2R8Y526,810,0,0,12,4,7,1068,810
A0A2R8Y539,CHD4,A0A2R8Y539,4,0,0,0,0,0,51,4
A0A2R8Y559,HDAC6,A0A2R8Y559,16,0,0,0,0,0,1192,16
A0A2R8Y583,SMARCA4,A0A2R8Y583,53,0,0,0,0,1,55,53
A0A2R8Y5J0,CHD4,A0A2R8Y5J0,105,0,0,0,0,0,1892,105
A0A2R8Y5K3,SMARCA4,A0A2R8Y5K3,429,0,0,8,1,2,522,429
A0A2R8Y5M9,CHD4,A0A2R8Y5M9,37,0,0,0,0,0,554,37
A0A2R8Y5U1,ASXL1,A0A2R8Y5U1,533,71,59,49,0,2,1480,533
A0A2R8Y5Z4,HDAC6,A0A2R8Y5Z4,4,0,0,0,0,0,91,4
A0A2R8Y5Z7,CHD4,A0A2R8Y5Z7,75,0,0,0,0,0,1425,75
A0A2R8Y627,ASXL1,A0A2R8Y627,7,0,0,0,0,0,135,7
A0A2R8Y685,CHD4,A0A2R8Y685,74,0,0,0,0,0,1377,74
A0A2R8Y6F0,ASXL1,A0A2R8Y6F0,3,0,0,0,0,0,75,3
A0A2R8Y6G9,CHD4,A0A2R8Y6G9,6,0,0,0,0,0,103,6
A0A2R8Y6N0,SMARCA4,A0A2R8Y6N0,859,0,0,14,4,8,1145,859
A0A2R8Y6V0,ASXL1,A0A2R8Y6V0,5,0,0,0,0,0,78,5
A0A2R8Y6V2,SMARCA4,A0A2R8Y6V2,793,0,0,11,4,7,1041,793
A0A2R8Y6Z9,HDAC6,A0A2R8Y6Z9,5,0,0,0,0,0,669,5
A0A2R8Y758,HDAC6,A0A2R8Y758,3,0,0,0,0,0,211,3
A0A2R8Y795,CHD4,A0A2R8Y795,2,0,0,0,0,0,48,2
A0A2R8Y7F3,SMARCA4,A0A2R8Y7F3,863,0,0,13,4,8,1165,863
A0A2R8Y7I0,CHD4,A0A2R8Y7I0,34,0,0,0,0,0,605,34
A0A2R8Y7J4,NSD1,A0A2R8Y7J4,31,1,1,1,0,0,204,31
A0A2R8Y7M9,CHD4,A0A2R8Y7M9,32,0,0,0,0,0,560,32
A0A2R8Y7Q1,BPTF,A0A2R8Y7Q1,82,0,0,0,0,0,3002,82
A0A2R8Y7R0,SMARCA4,A0A2R8Y7R0,164,0,0,0,0,1,192,164
A0A2R8Y7S2,SMARCA4,A0A2R8Y7S2,2972,6,6,52,8,18,1646,2972
A0A2R8Y7X1,CHD4,A0A2R8Y7X1,8,0,0,0,0,0,73,8
A0A2R8Y7Y7,SMARCA4,A0A2R8Y7Y7,825,0,0,11,4,7,1081,825
A0A2R8Y808,CHD8,A0A2R8Y808,60,0,0,0,0,0,586,60
A0A2R8Y840,CHD8,A0A2R8Y840,164,0,0,0,0,0,1995,164
A0A2R8Y866,SMARCA4,A0A2R8Y866,223,1,1,5,0,1,157,223
A0A2R8Y872,TDRD12,A0A2R8Y872,1,0,0,0,0,0,1335,1
A0A2R8Y8B3,CHD4,A0A2R8Y8B3,53,0,0,0,0,0,1147,53
A0A2R8Y8C1,CHD4,A0A2R8Y8C1,90,0,0,0,0,0,1669,90
A0A2R8YCS4,HDAC6,A0A2R8YCS4,12,0,0,0,0,0,893,12
A0A2R8YCY3,SMARCA4,A0A2R8YCY3,190,0,0,3,3,5,385,190
A0A2R8YD40,CHD4,A0A2R8YD40,89,0,0,0,0,0,1484,89
A0A2R8YDA1,SMARCA4,A0A2R8YDA1,660,0,0,9,4,7,985,660
A0A2R8YDE6,HDAC6,A0A2R8YDE6,64,0,0,0,0,0,1160,64
A0A2R8YDJ9,CHD4,A0A2R8YDJ9,91,0,0,0,0,0,1554,91
A0A2R8YDL9,MBD5,A0A2R8YDL9,1975,577,545,918,20,26,1727,1975
A0A2R8YDW2,CHD4,A0A2R8YDW2,79,0,0,0,0,0,1215,79
A0A2R8YE38,CHD4,A0A2R8YE38,24,0,0,0,0,0,458,24
A0A2R8YER1,CHD4,A0A2R8YER1,87,0,0,0,0,0,1645,87
A0A2R8YF38,SMARCA4,A0A2R8YF38,44,0,0,1,0,1,58,44
A0A2R8YF58,SMARCA4,A0A2R8YF58,798,0,0,11,4,7,1065,798
A0A2R8YF80,SMARCA4,A0A2R8YF80,841,0,0,11,4,7,1094,841
A0A2R8YFD8,CHD4,A0A2R8YFD8,106,0,0,0,0,0,1903,106
A0A2R8YFI9,CHD8,A0A2R8YFI9,2,0,0,0,0,0,102,2
A0A2R8YFK5,SMARCA4,A0A2R8YFK5,346,0,0,8,0,2,336,346
A0A2R8YFK9,CHD4,A0A2R8YFK9,106,0,0,0,0,0,1899,106
A0A2R8YFT4,CHD8,A0A2R8YFT4,23,0,0,0,0,0,305,23
A0A2R8YFV8,SMARCA4,A0A2R8YFV8,201,0,0,3,3,5,375,201
A0A2R8YG32,SMARCA4,A0A2R8YG32,887,0,0,14,4,8,1198,887
A0A2R8YGG3,SMARCA4,A0A2R8YGG3,1216,2,2,20,4,8,1455,1216
A0A2R8YGP5,SMARCA4,A0A2R8YGP5,969,3,3,16,3,7,1165,969
A0A2U3TZM0,CHD4,A0A2U3TZM0,238,6,4,25,36,36,1902,238
A0A2Z2CIT2,DNMT3B,A0A2Z2CIT2,168,1,1,1,0,0,780,168
A0A3B3IRI4,KAT6B,A0A3B3IRI4,87,1,1,3,0,0,915,87
A0A3B3IRI6,MSL3,A0A3B3IRI6,7,0,0,0,0,0,228,7
A0A3B3IRI9,HDAC8,A0A3B3IRI9,124,0,0,2,18,20,373,124
A0A3B3IRJ3,HDAC8,A0A3B3IRJ3,44,0,0,1,5,7,317,44
A0A3B3IRJ8,HDAC8,A0A3B3IRJ8,132,0,0,0,8,16,193,132
A0A3B3IRN2,MSL3,A0A3B3IRN2,6,0,0,0,0,0,136,6
A0A3B3IRP8,HDAC8,A0A3B3IRP8,57,0,0,1,9,10,350,57
A0A3B3IRT2,MSL3,A0A3B3IRT2,3,0,0,0,0,0,103,3
A0A3B3IRV4,KAT6B,A0A3B3IRV4,26,1,1,1,0,0,176,26
A0A3B3IRZ0,HDAC8,A0A3B3IRZ0,16,0,0,0,4,3,163,16
A0A3B3IRZ8,HDAC8,A0A3B3IRZ8,42,0,0,0,5,6,254,42
A0A3B3IS08,HDAC8,A0A3B3IS08,3,0,0,0,0,0,24,3
A0A3B3IS31,KDM5B,A0A3B3IS31,5,0,0,0,0,0,215,5
A0A3B3IS37,HDAC8,A0A3B3IS37,29,0,0,1,4,4,186,29
A0A3B3IS40,KDM5B,A0A3B3IS40,85,2,2,22,0,2,1539,85
A0A3B3IS53,KAT6A,A0A3B3IS53,143,0,0,0,0,0,1677,143
A0A3B3IS68,HDAC8,A0A3B3IS68,62,0,0,1,9,10,403,62
A0A3B3IS72,MSL3,A0A3B3IS72,9,0,0,0,0,0,250,9
A0A3B3IS73,KAT6B,A0A3B3IS73,63,1,1,3,0,0,800,63
A0A3B3IS93,HDAC8,A0A3B3IS93,25,0,0,0,1,3,150,25
A0A3B3ISB4,MSL3,A0A3B3ISB4,3,0,0,0,0,0,68,3
A0A3B3ISB8,HDAC8,A0A3B3ISB8,10,0,0,0,1,3,71,10
A0A3B3ISC8,KMT2D,A0A3B3ISC8,74,0,0,0,0,0,342,74
A0A3B3ISD0,KAT6B,A0A3B3ISD0,19,0,0,0,0,0,232,19
A0A3B3ISD5,KAT6B,A0A3B3ISD5,59,1,1,3,0,0,733,59
A0A3B3ISE4,HDAC8,A0A3B3ISE4,42,0,0,1,8,7,259,42
A0A3B3ISE6,KDM5B,A0A3B3ISE6,34,0,0,0,0,0,1472,34
A0A3B3ISF5,KAT6B,A0A3B3ISF5,63,1,1,3,0,0,796,63
A0A3B3ISG7,HDAC8,A0A3B3ISG7,1,0,0,0,0,0,15,1
A0A3B3ISI1,KAT6B,A0A3B3ISI1,148,2,2,4,0,0,1387,148
A0A3B3ISJ4,HDAC8,A0A3B3ISJ4,62,0,0,1,9,10,414,62
A0A3B3ISK2,KDM5B,A0A3B3ISK2,6,0,0,0,0,0,189,6
A0A3B3ISK5,L3MBTL1,A0A3B3ISK5,1,0,0,0,0,0,115,1
A0A3B3ISN4,KMT2A,A0A3B3ISN4,104,0,0,0,0,0,606,104
A0A3B3ISP5,L3MBTL1,A0A3B3ISP5,1,0,0,0,0,0,494,1
A0A3B3ISS0,L3MBTL1,A0A3B3ISS0,2,0,0,0,0,0,821,2
A0A3B3ISS7,HDAC8,A0A3B3ISS7,104,0,0,0,12,14,307,104
A0A3B3ISU5,KAT6A,A0A3B3ISU5,28,0,0,0,0,0,348,28
A0A3B3ISV7,L3MBTL1,A0A3B3ISV7,2,0,0,0,0,0,323,2
A0A3B3ISW3,KAT6B,A0A3B3ISW3,53,1,1,3,0,0,713,53
A0A3B3ISX5,KAT6B,A0A3B3ISX5,4,0,0,0,0,0,38,4
A0A3B3ISY0,HDAC8,A0A3B3ISY0,34,0,0,0,2,4,206,34
A0A3B3ISZ3,KAT6A,A0A3B3ISZ3,7,0,0,0,0,0,97,7
A0A3B3IT04,HDAC8,A0A3B3IT04,62,0,0,1,9,10,375,62
A0A3B3IT19,KAT6B,A0A3B3IT19,93,1,1,3,0,0,991,93
A0A3B3IT25,KDM5B,A0A3B3IT25,36,0,0,0,0,0,1517,36
A0A3B3IT30,HDAC8,A0A3B3IT30,47,0,0,1,8,7,312,47
A0A3B3IT49,MSL3,A0A3B3IT49,4,0,0,0,0,0,92,4
A0A3B3IT51,KDM5B,A0A3B3IT51,11,0,0,0,0,0,297,11
A0A3B3IT59,MSL3,A0A3B3IT59,11,0,0,0,0,0,520,11
A0A3B3IT63,KAT6B,A0A3B3IT63,63,1,1,3,0,0,799,63
A0A3B3IT75,L3MBTL1,A0A3B3IT75,1,0,0,0,0,0,238,1
A0A3B3IT84,HDAC8,A0A3B3IT84,57,0,0,1,9,10,337,57
A0A3B3IT85,KDM5B,A0A3B3IT85,6,0,0,0,0,0,316,6
A0A3B3IT95,HDAC8,A0A3B3IT95,47,0,0,0,6,7,286,47
A0A3B3IT98,HDAC8,A0A3B3IT98,19,0,0,1,4,4,167,19
A0A3B3ITA4,KAT6B,A0A3B3ITA4,50,1,1,3,0,0,633,50
A0A3B3ITA8,KDM5B,A0A3B3ITA8,89,2,2,24,0,2,1499,89
A0A3B3ITA9,KDM5B,A0A3B3ITA9,7,0,0,0,0,0,336,7
A0A3B3ITC3,KAT6B,A0A3B3ITC3,19,0,0,0,0,0,247,19
A0A3B3ITE7,KDM5B,A0A3B3ITE7,36,0,0,0,0,0,1505,36
A0A3B3ITF3,MSL3,A0A3B3ITF3,10,0,0,0,0,0,431,10
A0A3B3ITF8,MSL3,A0A3B3ITF8,3,0,0,0,0,0,102,3
A0A3B3ITG5,L3MBTL1,A0A3B3ITG5,2,0,0,0,0,0,232,2
A0A3B3ITH5,MSL3,A0A3B3ITH5,2,0,0,0,0,0,159,2
A0A3B3ITI0,KAT6B,A0A3B3ITI0,114,1,1,3,0,0,1182,114
A0A3B3ITI3,KAT6A,A0A3B3ITI3,139,0,0,0,0,0,1565,139
A0A3B3ITJ3,KDM5B,A0A3B3ITJ3,3,0,0,0,0,0,145,3
A0A3B3ITJ7,KDM5B,A0A3B3ITJ7,34,0,0,0,0,0,1503,34
A0A3B3ITL5,MSL3,A0A3B3ITL5,11,0,0,0,0,0,488,11
A0A3B3ITP3,KAT6B,A0A3B3ITP3,38,0,0,0,0,0,228,38
A0A3B3ITR1,KDM5B,A0A3B3ITR1,5,0,0,0,0,0,229,5
A0A3B3ITR3,KDM5B,A0A3B3ITR3,4,0,0,0,0,0,142,4
A0A3B3ITT0,KMT2A,A0A3B3ITT0,36,0,0,0,0,0,197,36
A0A3B3ITT7,KMT2A,A0A3B3ITT7,232,0,0,0,0,0,1633,232
A0A3B3ITV2,HDAC8,A0A3B3ITV2,27,0,0,0,2,4,167,27
A0A3B3ITV5,KAT6B,A0A3B3ITV5,6,0,0,0,0,0,67,6
A0A3B3ITV8,MSL3,A0A3B3ITV8,3,0,0,0,0,0,105,3
A0A3B3ITX5,MSL3,A0A3B3ITX5,6,0,0,0,0,0,131,6
A0A3B3ITZ3,HDAC8,A0A3B3ITZ3,60,0,0,1,9,10,375,60
A0A3B3IU01,HDAC8,A0A3B3IU01,38,0,0,0,3,4,230,38
A0A3B3IU21,HDAC8,A0A3B3IU21,25,2,0,0,1,3,137,25
A0A3B3IU23,PRDM1,A0A3B3IU23,18,0,0,0,0,0,839,18
A0A3B3IU52,HDAC8,A0A3B3IU52,26,0,0,1,4,6,176,26
A0A3B3IU62,HDAC8,A0A3B3IU62,31,0,0,0,5,4,182,31
A0A3B3IU70,KAT6B,A0A3B3IU70,19,0,0,0,0,0,259,19
A0A3B3IU80,MSL3,A0A3B3IU80,7,0,0,0,0,0,291,7
A0A3B3IU93,KAT6B,A0A3B3IU93,83,1,1,3,0,0,945,83
A0A3B3IUA4,KAT6B,A0A3B3IUA4,47,1,1,1,0,0,522,47
A0A3B3IUB0,MSL3,A0A3B3IUB0,1,0,0,0,0,0,85,1
A0A3B3IUD1,HDAC8,A0A3B3IUD1,31,0,0,0,3,5,174,31
A0A3F2YNX2,MSL3,A0A3F2YNX2,10,0,0,0,0,0,354,10
A0A3F2YNX6,KAT6A,A0A3F2YNX6,178,0,0,0,0,0,2006,178
A0A3F2YNZ1,L3MBTL1,A0A3F2YNZ1,2,0,0,0,0,0,862,2
A0A494C0I2,KAT8,A0A494C0I2,1,0,0,0,0,0,70,1
A0A494C0M1,MSH6,A0A494C0M1,14920,95,95,95,0,0,1261,14920
A0A494C1L1,LBR,A0A494C1L1,53,0,0,0,0,0,411,53
A0A494C1R1,ASXL1,A0A494C1R1,78,0,0,0,0,1,625,78
A0A590UJ84,RERE,A0A590UJ84,63,0,0,0,0,0,783,63
A0A590UK57,RERE,A0A590UK57,30,0,0,0,0,0,402,30
A0A590UK87,KMT2E,A0A590UK87,4,0,0,0,0,0,238,4
A0A5F9ZH08,ASXL2,A0A5F9ZH08,11,0,0,0,0,0,92,11
A0A5F9ZH11,BRPF1,A0A5F9ZH11,58,0,0,0,0,0,1253,58
A0A5F9ZHC8,ASXL2,A0A5F9ZHC8,10,0,0,0,0,0,145,10
A0A5F9ZHM2,CHD3,A0A5F9ZHM2,4,0,0,0,0,0,188,4
A0A5F9ZHN2,ASXL2,A0A5F9ZHN2,29,0,0,0,0,0,526,29
A0A5F9ZHW9,BRPF1,A0A5F9ZHW9,36,0,0,0,0,0,766,36
A0A5F9ZHX4,BRPF1,A0A5F9ZHX4,31,0,0,0,0,0,681,31
A0A5F9ZHX5,CHD3,A0A5F9ZHX5,73,0,0,0,0,0,1357,73
A0A5F9ZI63,EED,A0A5F9ZI63,23,0,0,0,0,0,501,23
A0A5H1ZRP3,TET3,A0A5H1ZRP3,133,1,1,32,14,14,1702,133
A0A669KAX8,KMT2B,A0A669KAX8,10,0,0,0,0,0,185,10
A0A669KB12,CREBBP,A0A669KB12,818,183,151,187,48,50,2388,1636
A0A669KB12,EP300,A0A669KB12,818,183,151,187,48,50,2388,1636
A0A669KB23,KMT2B,A0A669KB23,1,0,0,0,0,0,32,1
A0A669KBD5,KMT2B,A0A669KBD5,9,0,0,0,0,0,242,9
A0A669KBI7,KMT2B,A0A669KBI7,228,1,1,1,0,0,2693,228
A0A669KBL2,SFMBT2,A0A669KBL2,1,0,0,0,0,0,893,1
A0A6Q8PF93,MECP2,A0A6Q8PF93,1,0,0,0,0,0,61,1
A0A6Q8PFD0,KDM6A,A0A6Q8PFD0,142,0,0,2,1,2,1256,142
A0A6Q8PFK0,KDM6A,A0A6Q8PFK0,154,0,0,3,1,3,1367,154
A0A6Q8PG32,KDM6A,A0A6Q8PG32,155,0,0,3,1,3,1355,155
A0A6Q8PG92,KDM6A,A0A6Q8PG92,146,0,0,3,1,3,1293,146
A0A6Q8PGC6,MORC2,A0A6Q8PGC6,28,0,0,0,0,0,186,28
A0A6Q8PGG6,KDM6A,A0A6Q8PGG6,72,0,0,0,0,0,151,72
A0A6Q8PGN0,KDM6A,A0A6Q8PGN0,147,0,0,3,1,3,1336,147
A0A6Q8PH01,PRDM12,A0A6Q8PH01,45,0,0,0,0,0,314,45
A0A6Q8PH68,TCF20,A0A6Q8PH68,59,0,0,0,0,0,1264,59
A0A6Q8PH94,KDM6A,A0A6Q8PH94,17,0,0,0,0,0,126,17
A0A6Q8PHA4,ATRX,A0A6Q8PHA4,134,0,0,0,0,0,858,134
A0A6Q8PHB6,KDM6A,A0A6Q8PHB6,161,0,0,3,1,3,1427,161
A0A6Q8PHH3,MORC2,A0A6Q8PHH3,7,0,0,0,0,0,34,7
A0A6Q8PHJ0,KDM6A,A0A6Q8PHJ0,127,0,0,2,1,2,1129,127
A0A6Q8PHQ3,MECP2,A0A6Q8PHQ3,1,0,0,0,0,0,58,1
A0A7I2SVS4,HDAC4,A0A7I2SVS4,177,14,14,35,13,17,1089,177
A0A7I2V2G5,DNMT1,A0A7I2V2G5,79,0,0,0,0,0,263,79
A0A7I2V311,DNMT1,A0A7I2V311,261,0,0,0,0,0,1150,261
A0A7I2V316,ASH1L,A0A7I2V316,77,0,0,0,0,0,1741,77
A0A7I2V3D6,ASH1L,A0A7I2V3D6,74,0,0,0,0,0,1726,74
A0A7I2V3F8,DNMT1,A0A7I2V3F8,41,0,0,0,0,0,184,41
A0A7I2V490,DNMT1,A0A7I2V490,354,0,0,0,0,0,1658,354
A0A7I2V4H9,ASH1L,A0A7I2V4H9,127,0,0,0,0,0,2969,127
A0A7I2V4K0,ASH1L,A0A7I2V4K0,127,0,0,0,0,0,2963,127
A0A7I2V542,ASH1L,A0A7I2V542,72,0,0,0,0,0,1709,72
A0A7I2V5D0,DNMT1,A0A7I2V5D0,354,0,0,0,0,0,1655,354
A0A7I2V5F1,DNMT1,A0A7I2V5F1,349,0,0,0,0,0,1580,349
A0A7I2V5F6,DNMT1,A0A7I2V5F6,258,0,0,0,0,0,1114,258
A0A7I2YQA8,DNMT1,A0A7I2YQA8,349,0,0,0,0,0,1577,349
A0A7I2YQL4,ASH1L,A0A7I2YQL4,15,0,0,0,0,0,339,15
A0A7I2YQQ0,DNMT1,A0A7I2YQQ0,349,0,0,0,0,0,1613,349
A0A7I2YQU9,ASH1L,A0A7I2YQU9,124,0,0,0,0,0,2904,124
A0A7P0T8F0,KMT2C,A0A7P0T8F0,281,0,0,0,0,0,3207,281
A0A7P0T8F4,HDAC9,A0A7P0T8F4,2,0,0,0,0,0,506,2
A0A7P0T9K8,KMT2C,A0A7P0T9K8,281,0,0,0,0,0,3211,281
A0A7P0T9N3,KMT2C,A0A7P0T9N3,61,0,0,0,0,0,1056,61
A0A7P0T9Q7,KMT2C,A0A7P0T9Q7,22,0,0,0,0,0,422,22
A0A7P0T9U9,KMT2C,A0A7P0T9U9,17,0,0,0,0,0,477,17
A0A7P0TA60,KMT2C,A0A7P0TA60,257,0,0,0,0,0,2952,257
A0A7P0TAB5,HDAC9,A0A7P0TAB5,2,0,0,0,0,0,654,2
A0A7P0TAE5,ASXL3,A0A7P0TAE5,145,0,0,0,0,0,2208,145
A0A7P0TAI3,KMT2C,A0A7P0TAI3,380,0,0,0,0,0,4762,380
A0A7P0TAP8,JADE2,A0A7P0TAP8,2,0,0,0,0,0,578,2
A0A7P0TAQ8,KMT2C,A0A7P0TAQ8,4,0,0,0,0,0,105,4
A0A7P0TBM6,KMT2C,A0A7P0TBM6,79,0,0,0,0,0,721,79
A0A7P0Z448,KMT2C,A0A7P0Z448,221,0,0,0,0,0,2717,221
A0A804HHR9,KMT2D,A0A804HHR9,1271,3,1,15,12,16,5553,1271
A0A804HHS0,TAF1,A0A804HHS0,60,0,0,0,0,0,840,60
A0A804HHW0,KMT2C,A0A804HHW0,36,0,0,0,0,0,552,36
A0A804HHW3,BRPF1,A0A804HHW3,29,0,0,0,0,0,635,29
A0A804HI08,KMT2C,A0A804HI08,156,0,0,0,0,0,1789,156
A0A804HI52,BRPF1,A0A804HI52,58,0,0,0,0,0,1248,58
A0A804HI68,SETD5,A0A804HI68,6,0,0,0,0,0,88,6
A0A804HIC2,TAF1,A0A804HIC2,119,0,0,0,0,0,1907,119
A0A804HIF3,KMT2C,A0A804HIF3,6,0,0,0,0,0,296,6
A0A804HIG3,KMT2C,A0A804HIG3,127,0,0,0,0,0,1500,127
A0A804HIK3,KMT2C,A0A804HIK3,152,0,0,0,0,0,1765,152
A0A804HIM1,KMT2C,A0A804HIM1,78,0,0,0,0,0,1376,78
A0A804HIM6,KMT2C,A0A804HIM6,145,0,0,0,0,0,1588,145
A0A804HIN1,BRPF1,A0A804HIN1,56,0,0,0,0,0,1118,56
A0A804HIS4,KMT2C,A0A804HIS4,126,0,0,0,0,0,1471,126
A0A804HIW6,KMT2C,A0A804HIW6,202,0,0,0,0,0,2103,202
A0A804HIY8,TAF1,A0A804HIY8,99,0,0,0,0,0,1598,99
A0A804HIZ7,KDM6A,A0A804HIZ7,15,0,0,0,0,1,142,15
A0A804HJ18,SETD5,A0A804HJ18,4,0,0,0,0,0,45,4
A0A804HJ27,KMT2C,A0A804HJ27,47,0,0,0,0,0,847,47
A0A804HJ34,TAF1,A0A804HJ34,18,0,0,0,0,0,183,18
A0A804HJ48,TAF1,A0A804HJ48,6,0,0,0,0,0,73,6
A0A804HJ77,KMT2C,A0A804HJ77,76,0,0,0,0,0,1325,76
A0A804HJA2,KDM6A,A0A804HJA2,155,0,0,3,1,3,1374,155
A0A804HJB5,KMT2D,A0A804HJB5,70,0,0,4,4,9,321,70
A0A804HJE0,TAF1,A0A804HJE0,42,0,0,0,0,0,247,42
A0A804HJH1,EZH2,A0A804HJH1,54,0,0,0,0,0,389,54
A0A804HJR9,KMT2C,A0A804HJR9,53,0,0,0,0,0,722,53
A0A804HJT1,KMT2C,A0A804HJT1,204,0,0,0,0,0,2152,204
A0A804HJT5,TAF1,A0A804HJT5,18,0,0,0,0,0,195,18
A0A804HJU5,KMT2C,A0A804HJU5,55,0,0,0,0,0,770,55
A0A804HJV3,BRPF1,A0A804HJV3,35,0,0,0,0,0,772,35
A0A804HJV8,KMT2C,A0A804HJV8,171,0,0,0,0,0,2058,171
A0A804HK00,TAF1,A0A804HK00,3,0,0,0,0,0,48,3
A0A804HK46,SFMBT2,A0A804HK46,1,0,0,0,0,0,729,1
A0A804HK48,KMT2C,A0A804HK48,183,0,0,0,0,0,1961,183
A0A804HK58,TAF1,A0A804HK58,116,0,0,0,0,0,1877,116
A0A804HK73,SETD5,A0A804HK73,23,0,0,0,0,0,250,23
A0A804HKJ1,KMT2C,A0A804HKJ1,4,0,0,0,0,0,83,4
A0A804HKJ6,SETD5,A0A804HKJ6,114,0,0,0,0,0,931,114
A0A804HKJ9,SETD5,A0A804HKJ9,200,0,0,0,0,0,1474,200
A0A804HKK9,BRPF1,A0A804HKK9,31,0,0,0,0,0,747,31
A0A804HKQ3,KMT2C,A0A804HKQ3,9,0,0,0,0,0,119,9
A0A804HKS3,KMT2C,A0A804HKS3,342,0,0,0,0,0,4054,342
A0A804HKU6,BRPF1,A0A804HKU6,5,0,0,0,0,0,105,5
A0A804HKW4,KMT2C,A0A804HKW4,281,0,0,0,0,0,3206,281
A0A804HKY8,BRPF1,A0A804HKY8,58,0,0,0,0,0,1247,58
A0A804HL48,BRPF1,A0A804HL48,56,0,0,0,0,0,1124,56
A0A804HL99,BRPF1,A0A804HL99,22,0,0,0,0,0,460,22
A0A804HLA5,KMT2C,A0A804HLA5,8,0,0,0,0,0,197,8
A0A804HLB8,EZH2,A0A804HLB8,98,0,0,0,0,0,295,98
A0A804HLD4,KMT2C,A0A804HLD4,156,0,0,0,0,0,1793,156
A0A804HLD5,SFMBT2,A0A804HLD5,1,0,0,0,0,0,782,1
A0A804HLH3,TAF1,A0A804HLH3,13,0,0,0,0,0,336,13
A0A804HLJ3,KDM6A,A0A804HLJ3,102,0,0,2,1,2,842,102
A0A8C8KWW5,BRPF1,A0A8C8KWW5,58,0,0,0,0,0,1219,58
A0A8C8L8G4,BRPF1,A0A8C8L8G4,54,0,0,0,0,0,1164,54
A0A8I5KNQ0,DNMT3A,A0A8I5KNQ0,19,0,0,0,0,0,106,19
A0A8I5KNR2,SETD2,A0A8I5KNR2,723,0,0,0,0,0,1352,723
A0A8I5KNS6,KMT2D,A0A8I5KNS6,121,0,0,0,0,0,660,121
A0A8I5KPB7,KMT2D,A0A8I5KPB7,39,1,0,1,0,0,181,39
A0A8I5KPH7,KDM5C,A0A8I5KPH7,152,0,0,0,0,0,1449,152
A0A8I5KPK0,KMT2B,A0A8I5KPK0,210,0,0,0,0,0,2412,210
A0A8I5KPS0,DNMT3A,A0A8I5KPS0,7,0,0,0,0,0,72,7
A0A8I5KPS6,SETD2,A0A8I5KPS6,202,0,0,0,0,0,1349,202
A0A8I5KPV0,KDM1A,A0A8I5KPV0,18,0,0,0,0,0,586,18
A0A8I5KQ03,KMT2A,A0A8I5KQ03,245,0,0,0,0,0,1793,245
A0A8I5KQ09,KMT2D,A0A8I5KQ09,47,0,0,0,0,0,183,47
A0A8I5KQD6,KMT2D,A0A8I5KQD6,33,0,0,0,0,0,135,33
A0A8I5KQR8,KDM5C,A0A8I5KQR8,151,0,0,0,0,0,1436,151
A0A8I5KQS3,SETD2,A0A8I5KQS3,241,0,0,0,0,0,1354,241
A0A8I5KQT2,KMT2D,A0A8I5KQT2,208,1,1,1,0,0,717,208
A0A8I5KQU6,KDM1A,A0A8I5KQU6,27,0,0,0,0,0,700,27
A0A8I5KQV5,KMT2A,A0A8I5KQV5,232,0,0,0,0,0,1683,232
A0A8I5KR41,KMT2B,A0A8I5KR41,9,1,1,1,0,0,154,9
A0A8I5KR98,TAF3,A0A8I5KR98,1,0,0,0,0,0,928,1
A0A8I5KRB8,KDM1A,A0A8I5KRB8,28,0,0,0,0,0,774,28
A0A8I5KRC9,KDM1A,A0A8I5KRC9,18,0,0,0,0,0,566,18
A0A8I5KRF4,KDM1A,A0A8I5KRF4,24,0,0,0,0,0,684,24
A0A8I5KRH2,KMT2D,A0A8I5KRH2,223,1,1,1,0,0,795,223
A0A8I5KRR3,KMT2B,A0A8I5KRR3,80,0,0,0,0,0,719,80
A0A8I5KRT6,KMT2A,A0A8I5KRT6,23,0,0,0,0,0,130,23
A0A8I5KRW5,KMT2A,A0A8I5KRW5,34,0,0,0,0,0,260,34
A0A8I5KRX9,KDM1A,A0A8I5KRX9,28,0,0,0,0,0,757,28
A0A8I5KSB8,SETD2,A0A8I5KSB8,234,0,0,0,0,0,1470,234
A0A8I5KSG1,KMT2D,A0A8I5KSG1,1270,3,1,15,12,16,5536,1270
A0A8I5KSH0,KDM1A,A0A8I5KSH0,30,0,0,0,0,0,802,30
A0A8I5KSI8,KDM1A,A0A8I5KSI8,7,0,0,0,0,0,196,7
A0A8I5KT29,KDM1A,A0A8I5KT29,28,0,0,0,0,0,771,28
A0A8I5KT77,PHF8,A0A8I5KT77,24,0,0,0,0,0,710,24
A0A8I5KT93,SETDB1,A0A8I5KT93,20,0,0,0,0,0,1292,20
A0A8I5KTD0,KMT2B,A0A8I5KTD0,13,0,0,0,0,0,187,13
A0A8I5KTF6,DNMT3A,A0A8I5KTF6,20,0,0,0,0,0,109,20
A0A8I5KTQ4,KMT2A,A0A8I5KTQ4,56,0,0,0,0,0,338,56
A0A8I5KTR4,KMT2D,A0A8I5KTR4,28,0,0,0,0,0,122,28
A0A8I5KTR5,KDM1A,A0A8I5KTR5,18,0,0,0,0,0,582,18
A0A8I5KTT1,KDM5C,A0A8I5KTT1,436,73,38,123,37,49,1449,436
A0A8I5KU18,KMT2D,A0A8I5KU18,79,0,0,0,0,0,379,79
A0A8I5KU33,KMT2D,A0A8I5KU33,242,1,0,4,2,2,1257,242
A0A8I5KU66,KMT2B,A0A8I5KU66,10,0,0,0,0,0,98,10
A0A8I5KU95,KMT2D,A0A8I5KU95,15,0,0,0,0,0,51,15
A0A8I5KUC7,KMT2B,A0A8I5KUC7,4,0,0,0,0,0,84,4
A0A8I5KUD4,DNMT3A,A0A8I5KUD4,8,0,0,0,0,0,44,8
A0A8I5KUL1,KMT2B,A0A8I5KUL1,86,1,1,1,0,0,763,86
A0A8I5KUU0,KDM1A,A0A8I5KUU0,7,0,0,0,0,0,249,7
A0A8I5KV15,SETD2,A0A8I5KV15,451,0,0,0,0,0,2486,451
A0A8I5KV31,NSD1,A0A8I5KV31,212,1,1,1,0,0,1327,212
A0A8I5KV76,KDM1A,A0A8I5KV76,30,0,0,0,0,0,840,30
A0A8I5KVD4,KMT2A,A0A8I5KVD4,10,0,0,0,0,0,116,10
A0A8I5KVG8,PHF6,A0A8I5KVG8,15,0,0,0,2,2,156,15
A0A8I5KVK1,PHF8,A0A8I5KVK1,8,0,0,0,0,0,425,8
A0A8I5KVT4,KMT2B,A0A8I5KVT4,65,0,0,0,0,0,842,65
A0A8I5KVV7,KMT2A,A0A8I5KVV7,22,0,0,0,0,0,201,22
A0A8I5KVZ4,KDM1A,A0A8I5KVZ4,30,0,0,0,0,0,820,30
A0A8I5KW81,SETD2,A0A8I5KW81,331,0,0,0,0,0,1810,331
A0A8I5KW84,KMT2A,A0A8I5KW84,13,0,0,0,0,0,171,13
A0A8I5KWC2,PHF6,A0A8I5KWC2,8,0,0,0,1,1,95,8
A0A8I5KWD0,SETD2,A0A8I5KWD0,490,0,0,0,0,0,1372,490
A0A8I5KWL4,KMT2B,A0A8I5KWL4,11,0,0,0,0,0,179,11
A0A8I5KWP7,KMT2B,A0A8I5KWP7,12,0,0,0,0,0,141,12
A0A8I5KWS6,KMT2B,A0A8I5KWS6,52,1,1,1,0,0,630,52
A0A8I5KX30,KMT2B,A0A8I5KX30,13,0,0,0,0,0,194,13
A0A8I5KX31,KMT2B,A0A8I5KX31,2,0,0,0,0,0,22,2
A0A8I5KX79,KMT2D,A0A8I5KX79,31,0,0,1,0,0,102,31
A0A8I5KXG9,DNMT3A,A0A8I5KXG9,32,0,0,0,0,0,196,32
A0A8I5KXH7,KDM5C,A0A8I5KXH7,151,0,0,0,0,0,1450,151
A0A8I5KXR3,KMT2A,A0A8I5KXR3,532,1,1,0,0,1,3996,532
A0A8I5KXU4,KDM1A,A0A8I5KXU4,31,0,0,0,0,0,878,31
A0A8I5KXU7,KMT2B,A0A8I5KXU7,9,0,0,0,0,0,171,9
A0A8I5KY70,KMT2A,A0A8I5KY70,239,0,0,0,0,0,1759,239
A0A8I5KY89,KMT2B,A0A8I5KY89,4,0,0,0,0,0,167,4
A0A8I5KYR1,SETD2,A0A8I5KYR1,183,0,0,0,0,0,1163,183
A0A8I5KYU5,KMT2D,A0A8I5KYU5,23,0,0,0,0,0,99,23
A0A8I5KYW1,KDM5C,A0A8I5KYW1,436,73,38,123,37,49,1444,436
A0A8I5KZ64,KMT2B,A0A8I5KZ64,4,1,1,1,0,0,54,4
A0A8I5QJ79,KMT2D,A0A8I5QJ79,132,1,0,4,2,2,630,132
A0A8I5QJA0,KMT2D,A0A8I5QJA0,232,1,1,1,1,1,825,232
A0A8I5QJD3,KMT2D,A0A8I5QJD3,42,0,0,0,0,0,207,42
A0A8I5QJD5,KMT2D,A0A8I5QJD5,104,0,0,3,6,7,383,104
A0A8I5QJE4,KMT2D,A0A8I5QJE4,47,0,0,1,0,0,170,47
A0A8I5QJH7,PHF6,A0A8I5QJH7,15,0,0,0,2,2,151,15
A0A8I5QJJ1,KMT2A,A0A8I5QJJ1,8,0,0,0,0,0,67,8
A0A8I5QJJ5,KDM1A,A0A8I5QJJ5,25,0,0,0,0,0,790,25
A0A8I5QJP2,NSD1,A0A8I5QJP2,8155,1650,1395,2845,920,1265,2405,8155
A0A8I5QJR3,KDM1A,A0A8I5QJR3,28,0,0,0,0,0,729,28
A0A8I5QJW0,KMT2B,A0A8I5QJW0,37,0,0,0,0,0,364,37
A0A8I5QJW6,SETD2,A0A8I5QJW6,133,0,0,0,0,0,916,133
A0A8I5QJX1,KDM1A,A0A8I5QJX1,14,0,0,0,0,0,229,14
A0A8I5QKM3,KDM1A,A0A8I5QKM3,28,0,0,0,0,0,794,28
A0A8I5QKN1,KMT2D,A0A8I5QKN1,47,0,0,1,0,0,171,47
A0A8I5QKP3,KMT2D,A0A8I5QKP3,31,0,0,4,1,4,204,31
A0A8I5QKW3,DNMT3A,A0A8I5QKW3,35,0,0,0,0,0,246,35
A0A8I5QL11,KMT2B,A0A8I5QL11,66,0,0,0,0,0,855,66
A0A8I5QL21,KDM5C,A0A8I5QL21,134,0,0,0,0,0,1288,134
A0A8J8YW94,PHF8,A0A8J8YW94,34,0,0,0,0,0,923,34
A0A8J9FJW2,KMT2E,A0A8J9FJW2,14,0,0,0,0,0,498,14
A0A8Q3SIG2,DNMT3B,A0A8Q3SIG2,167,1,1,1,0,0,790,167
A0A8Q3SIJ5,DNMT3B,A0A8Q3SIJ5,202,2,2,2,0,0,480,202
A0A8Q3SIL8,DNMT3B,A0A8Q3SIL8,63,1,1,1,0,0,332,63
A0A8Q3WKT9,CHD7,A0A8Q3WKT9,661,0,0,0,0,0,2259,661
A0A8V8TKV8,ASXL3,A0A8V8TKV8,146,0,0,0,0,0,2249,146
A0A8V8TKY7,HDAC6,A0A8V8TKY7,16,0,0,0,0,0,1211,16
A0A8V8TL08,HDAC6,A0A8V8TL08,16,0,0,0,0,0,1166,16
A0A8V8TLA9,HDAC6,A0A8V8TLA9,5,0,0,0,0,0,701,5
A0A8V8TLE9,SP110,A0A8V8TLE9,111,0,0,0,0,0,532,111
A0A8V8TLH4,SP110,A0A8V8TLH4,72,0,0,0,0,0,346,72
A0A8V8TLQ3,INO80,A0A8V8TLQ3,5,0,0,0,0,0,635,5
A0A8V8TM63,HDAC6,A0A8V8TM63,9,0,0,0,0,0,921,9
A0A8V8TMA5,HDAC6,A0A8V8TMA5,15,0,0,0,0,0,1108,15
A0A8V8TMX7,SP110,A0A8V8TMX7,100,0,0,0,0,0,482,100
A0A8V8TN67,SP110,A0A8V8TN67,127,0,0,0,0,0,592,127
A0A8V8TP75,PHIP,A0A8V8TP75,36,0,0,0,0,0,536,36
A0A8V8TPB8,PHIP,A0A8V8TPB8,5,0,0,0,0,0,92,5
A0A8V8TPJ4,MSH6,A0A8V8TPJ4,2075,19,19,19,0,0,838,2075
A0A8V8TPK0,PHIP,A0A8V8TPK0,65,0,0,0,0,0,1827,65
A0A8V8TPR2,MSH6,A0A8V8TPR2,530,0,0,0,0,0,229,530
A0A8V8TPR6,KMT5B,A0A8V8TPR6,3,0,0,0,0,0,75,3
A0A8V8TPT9,CHD2,A0A8V8TPT9,27,0,0,0,0,0,137,27
A0A8V8TPV5,PHIP,A0A8V8TPV5,65,0,0,0,0,0,1820,65
A0A8V8TQ59,ALG13,A0A8V8TQ59,36,0,0,0,0,0,192,36
A0A8V8TQA0,KMT5B,A0A8V8TQA0,5,0,0,0,0,0,136,5
A0A8V8TQB9,KMT5B,A0A8V8TQB9,81,4,4,21,8,12,713,81
A0A8V8TQC6,CHD2,A0A8V8TQC6,149,0,0,0,0,0,604,149
A0A8V8TQD9,CHD2,A0A8V8TQD9,3,0,0,0,0,0,36,3
A0A8V8TQJ0,MSH6,A0A8V8TQJ0,3229,0,0,0,0,0,1362,3229
A0A8V8TQJ2,CHD7,A0A8V8TQJ2,219,0,0,0,0,0,632,219
A0A8V8TQM4,PHIP,A0A8V8TQM4,65,0,0,0,0,0,1801,65
A0A8V8TQP5,PHIP,A0A8V8TQP5,3,0,0,0,0,0,111,3
A0A8V8TQW9,MSH6,A0A8V8TQW9,2889,0,0,0,0,0,1232,2889
A0A8V8TQY7,KMT5B,A0A8V8TQY7,6,0,0,0,0,0,159,6
A0A8V8TQZ3,PHIP,A0A8V8TQZ3,65,0,0,0,0,0,1834,65
A0A8V8TR03,CHD2,A0A8V8TR03,94,0,0,0,0,0,355,94
A0A8V8TR54,CHD3,A0A8V8TR54,109,0,0,0,0,0,2114,109
A0A8V8TR58,KMT2E,A0A8V8TR58,1,0,0,0,0,0,67,1
A0A8V8TR96,KMT5B,A0A8V8TR96,6,0,0,0,0,0,106,6
A0A8V8TRB2,CHD2,A0A8V8TRB2,119,0,0,0,0,0,588,119
A0A8V8TRJ5,EP400,A0A8V8TRJ5,6,0,0,0,0,0,942,6
A0A8Z5E822,TRIM66,A0A8Z5E822,6,0,0,0,0,0,1392,6
A0A994HRU5,SMARCA2,A0A994HRU5,163,0,0,1,6,8,1152,163
A0A994J3H5,DPF2,A0A994J3H5,10,0,0,0,0,0,79,10
A0A994J3N7,EP300,A0A994J3N7,62,0,0,0,0,0,473,62
A0A994J3P2,DPF2,A0A994J3P2,1,0,0,0,0,0,102,1
A0A994J414,DPF2,A0A994J414,18,0,0,0,0,0,362,18
A0A994J426,DPF2,A0A994J426,26,0,0,0,0,0,428,26
A0A994J475,RERE,A0A994J475,11,0,0,0,0,0,102,11
A0A994J4C0,ZMYND11,A0A994J4C0,109,2,2,20,23,23,562,109
A0A994J4C9,SMARCA2,A0A994J4C9,73,0,0,0,0,0,654,73
A0A994J4I8,ZMYND11,A0A994J4I8,120,2,2,22,23,25,500,120
A0A994J4J2,ZMYND11,A0A994J4J2,36,0,0,0,0,0,441,36
A0A994J4K2,SMARCA2,A0A994J4K2,12,0,0,0,0,0,160,12
A0A994J4Y4,ZMYND11,A0A994J4Y4,7,0,0,0,0,0,134,7
A0A994J4Z1,L3MBTL1,A0A994J4Z1,1,0,0,0,0,0,842,1
A0A994J4Z2,SMARCA4,A0A994J4Z2,1063,3,3,17,4,7,1243,1063
A0A994J4Z7,SMARCA2,A0A994J4Z7,216,0,0,1,16,18,1452,216
A0A994J501,SMARCA2,A0A994J501,173,0,0,1,16,18,1027,173
A0A994J572,TRIM66,A0A994J572,6,0,0,0,0,0,1355,6
A0A994J5L5,TRIM66,A0A994J5L5,3,0,0,0,0,0,1239,3
A0A994J6A8,DPF2,A0A994J6A8,26,0,0,0,0,0,575,26
A0A994J6N1,DPF2,A0A994J6N1,25,0,0,0,0,0,371,25
A0A994J6T4,EP300,A0A994J6T4,82,0,0,0,0,0,634,82
A0A994J6Y5,ZMYND11,A0A994J6Y5,120,2,2,22,23,25,579,120
A0A994J6Y9,SMARCA4,A0A994J6Y9,1308,3,3,22,4,8,1534,1308
A0A994J6Z7,SMARCA2,A0A994J6Z7,4,0,0,0,0,0,100,4
A0A994J792,RERE,A0A994J792,12,0,0,0,0,0,144,12
A0A994J7D2,ZMYND11,A0A994J7D2,13,0,0,0,0,0,258,13
A0A994J7D9,SMARCA2,A0A994J7D9,70,0,0,0,0,0,636,70
A0A994J7H0,MBD1,A0A994J7H0,4,2,0,2,0,0,680,4
A0A994J7K7,CHD1,A0A994J7K7,20,0,0,0,0,0,833,20
A0A994J7V7,TRIM66,A0A994J7V7,3,0,0,0,0,0,1247,3
A0A9L9PXI0,TCF19,A0A9L9PXI0,4,0,0,0,0,0,268,4
A0A9L9PXL4,PBRM1,A0A9L9PXL4,18,0,0,0,0,0,1704,18
A0A9L9PXL9,HDAC9,A0A9L9PXL9,2,0,0,0,0,0,573,2
A0A9L9PXM4,HDAC9,A0A9L9PXM4,1,0,0,0,0,0,618,1
A0A9L9PXV2,TCF19,A0A9L9PXV2,4,0,0,0,0,0,200,4
A0A9L9PXX5,TCF19,A0A9L9PXX5,2,0,0,0,0,0,163,2
A0A9L9PY57,HDAC9,A0A9L9PY57,1,0,0,0,0,0,533,1
A0A9L9PY60,EED,A0A9L9PY60,17,0,0,0,0,0,406,17
A0A9L9PY89,HDAC9,A0A9L9PY89,1,0,0,0,0,0,572,1
A0AA34QVI8,KMT2A,A0AA34QVI8,532,1,1,0,0,1,4002,532
A0AA75HR15,TAF1,A0AA75HR15,104,0,0,0,0,0,1637,104
A0AAA9YGD9,SETD1A,A0AAA9YGD9,11,0,0,0,0,0,289,11
A2ABF8,EHMT2,A2ABF8,5,0,0,0,0,0,1233,5
A2ABF9,EHMT2,A2ABF9,5,0,0,0,0,0,1267,5
A5PLL3,KAT6A,A5PLL3,142,27,23,15,3,3,815,142
A6NDI8,HDAC6,A6NDI8,32,0,0,0,0,0,210,32
A6NFW1,HDAC8,A6NFW1,56,0,0,1,7,8,351,56
A6NGJ7,HDAC8,A6NGJ7,62,0,0,1,9,10,417,62
A6NGT0,HDAC8,A6NGT0,26,0,0,0,1,3,156,26
A6NMT1,HDAC8,A6NMT1,43,0,0,0,5,6,253,43
A8MXE8,RAI1,A8MXE8,242,0,0,0,0,0,942,242
A9JX13,TCF20,A9JX13,10,0,0,0,0,0,250,10
B0QYN4,L3MBTL1,B0QYN4,1,0,0,0,0,0,318,1
B0QYN5,L3MBTL1,B0QYN5,2,0,0,0,0,0,712,2
B0QYP2,CBX7,B0QYP2,3,0,0,2,0,0,158,3
B0QYP3,CBX7,B0QYP3,1,0,0,0,0,0,121,1
B0QZ35,SIRT1,B0QZ35,16,0,0,0,0,0,444,16
B0QZE1,PHF8,B0QZE1,11,0,0,0,0,0,148,11
B0QZE2,ZMYND11,B0QZE2,38,0,0,0,0,0,522,38
B0QZZ2,PHF8,B0QZZ2,5,0,0,0,0,0,115,5
B0QZZ3,PHF8,B0QZZ3,5,0,0,0,0,0,126,5
B0QZZ4,PHF8,B0QZZ4,10,0,0,0,0,0,97,10
B1AKN3,RERE,B1AKN3,139,0,0,0,0,0,1298,139
B1ALF6,SMARCA2,B1ALF6,79,23,18,15,0,0,278,79
B1ALG1,SMARCA2,B1ALG1,26,0,0,0,0,0,236,26
B1ALG2,SMARCA2,B1ALG2,58,0,0,0,0,0,254,58
B2REA4,PRDM1,B2REA4,5,0,0,0,0,0,171,5
B2REA5,PRDM1,B2REA5,1,0,0,0,0,0,63,1
B2RXH2,KDM4E,B2RXH2,7,0,0,2,0,0,506,7
B3KV94,KDM5B,B3KV94,31,0,0,0,0,0,1275,31
B4DG57,PHF14,B4DG57,1,0,0,0,0,0,603,1
B4DNT1,SMARCA2,B4DNT1,158,46,36,30,0,0,276,158
B4DP61,SMN1,B4DP61,26,0,0,2,3,3,227,26
B4DSJ7,DNMT3B,B4DSJ7,65,0,0,0,0,0,318,65
B5MBX1,JADE2,B5MBX1,1,0,0,0,0,0,509,1
B5MCB3,KMT5B,B5MCB3,45,0,0,8,8,12,402,45
B5MCB4,MECP2,B5MCB4,142,0,0,7,12,12,184,142
B5MCF1,HDAC9,B5MCF1,1,0,0,0,0,0,577,1
B5MCQ6,HDAC11,B5MCQ6,2,0,0,0,0,0,268,2
B5MCS1,SIRT2,B5MCS1,3,0,0,0,0,0,169,3
B5MCS3,HDAC11,B5MCS3,1,0,0,0,0,0,181,1
B5MCU6,HDAC11,B5MCU6,1,0,0,0,0,0,247,1
B7WNX0,KMT5B,B7WNX0,45,0,0,8,8,12,370,45
B7WPH3,CECR2,B7WPH3,10,0,0,0,0,0,1300,10
B7Z3I4,CHD2,B7Z3I4,112,0,0,0,0,0,514,112
B7Z3P7,HDAC9,B7Z3P7,2,0,0,0,0,0,549,2
B7ZLQ5,SMARCA1,B7ZLQ5,29,2,2,6,0,0,1070,29
C9IYN9,SMYD5,C9IYN9,1,0,0,0,0,0,138,1
C9J0X4,HDAC4,C9J0X4,7,0,0,0,0,0,123,7
C9J102,HDAC7,C9J102,1,0,0,0,0,0,138,1
C9J172,HDAC6,C9J172,16,0,0,0,0,0,142,16
C9J2Z9,SETD1A,C9J2Z9,1,0,0,0,0,0,70,1
C9J3U7,SIRT2,C9J3U7,1,0,0,0,0,0,78,1
C9J481,HDAC4,C9J481,8,0,0,0,0,0,162,8
C9J4U4,SRCAP,C9J4U4,256,0,0,1,0,0,100,256
C9J4Z5,KMT2C,C9J4Z5,6,0,0,0,0,0,155,6
C9J6S5,KMT5B,C9J6S5,37,0,0,0,0,0,814,37
C9J879,KDM4C,C9J879,1,0,0,0,0,0,743,1
C9J8F0,HDAC8,C9J8F0,23,0,0,0,2,4,129,23
C9J929,JADE2,C9J929,1,0,0,0,0,0,478,1
C9J9G2,PHF12,C9J9G2,2,0,0,0,0,0,705,2
C9JES9,LBR,C9JES9,4,0,0,0,0,0,51,4
C9JFG1,KMT5B,C9JFG1,42,0,0,6,8,12,322,42
C9JG86,SETD2,C9JG86,300,0,0,0,0,0,1340,300
C9JH89,MECP2,C9JH89,17,0,0,0,0,0,49,17
C9JHC0,BRPF1,C9JHC0,62,0,0,0,0,0,661,62
C9JJY6,KAT6A,C9JJY6,17,0,0,0,0,0,214,17
C9JNE1,KMT2E,C9JNE1,7,0,0,0,0,0,230,7
C9JNI4,HDAC7,C9JNI4,2,0,0,0,0,0,153,2
C9JP58,KMT5B,C9JP58,5,0,0,0,0,0,118,5
C9JPI5,PBRM1,C9JPI5,1,0,0,0,0,0,230,1
C9JQ68,KMT2E,C9JQ68,13,0,0,0,0,0,71,13
C9JQF1,PBRM1,C9JQF1,1,0,0,0,0,0,152,1
C9JR33,SIRT2,C9JR33,1,0,0,0,0,0,73,1
C9JXK0,LBR,C9JXK0,24,0,0,0,0,0,213,24
C9JYI9,KMT2E,C9JYI9,10,0,0,0,0,0,467,10
C9JZQ0,SIRT2,C9JZQ0,2,0,0,0,0,0,130,2
C9JZQ4,SP110,C9JZQ4,33,0,0,0,0,0,160,33
D6R9X2,PHF3,D6R9X2,6,0,0,0,0,0,736,6
D6RA28,RERE,D6RA28,26,0,0,0,0,0,177,26
D6RBF0,PHF3,D6RBF0,2,0,0,0,0,0,104,2
D6RBP3,NSD1,D6RBP3,442,0,0,26,60,72,910,442
D6RD68,PRDM9,D6RD68,5,0,0,0,0,0,100,5
D6RDW0,PRDM16,D6RDW0,375,0,0,0,0,0,1178,375
D6RE84,ALG13,D6RE84,35,0,0,0,0,0,159,35
D6RE87,TET2,D6RE87,4,0,0,0,0,0,110,4
D6RFY3,PRDM16,D6RFY3,375,0,0,0,0,0,1177,375
D6RG26,NSD1,D6RG26,2,0,0,0,0,0,45,2
E5RFP9,HDAC2,E5RFP9,2,0,0,0,0,0,109,2
E5RG37,HDAC2,E5RG37,2,0,0,0,0,0,103,2
E5RGV4,HDAC2,E5RGV4,1,0,0,0,0,0,71,1
E5RH52,HDAC2,E5RH52,2,0,0,0,0,0,100,2
E5RHE7,HDAC2,E5RHE7,2,0,0,0,0,0,86,2
E5RK80,HR,E5RK80,1,0,0,0,0,0,54,1
E7EM70,SP110,E7EM70,44,0,0,0,0,0,221,44
E7ENI9,ZMYND11,E7ENI9,115,2,2,20,23,25,571,115
E7EP63,HDAC6,E7EP63,16,0,0,0,0,0,167,16
E7EPB1,TET2,E7EPB1,32,0,0,0,0,0,1167,32
E7EQS8,TET2,E7EQS8,55,0,0,0,0,0,2023,55
E7EQY4,MTA3,E7EQY4,1,0,0,0,0,0,514,1
E7EQZ4,SMN1,E7EQZ4,54,0,0,4,8,8,294,54
E7ER26,PRDM15,E7ER26,2,0,0,0,0,0,1141,2
E7ER40,PHF3,E7ER40,1,0,0,0,0,0,860,1
E7ER52,HDAC6,E7ER52,16,0,0,0,0,0,171,16
E7ESY4,MTA1,E7ESY4,2,0,0,0,0,0,703,2
E7ETD6,BPTF,E7ETD6,78,0,0,0,0,0,2764,78
E7ETT9,HDAC11,E7ETT9,1,0,0,0,0,0,319,1
E7EV10,MTA3,E7EV10,1,0,0,0,0,0,590,1
E7EV75,ZMYND11,E7EV75,40,0,0,0,0,0,617,40
E7EV89,KDM5A,E7EV89,5,0,0,0,0,0,715,5
E7EVA8,HDAC8,E7EVA8,57,0,0,1,9,10,344,57
E7EVG2,PBRM1,E7EVG2,5,0,0,0,0,0,1460,5
E7EVH3,PHF3,E7EVH3,1,0,0,0,0,0,1072,1
E7EW22,HDAC8,E7EW22,33,0,0,0,2,4,185,33
E7EWD6,ASXL2,E7EWD6,92,0,0,0,0,0,1434,92
E7EWN3,SETD5,E7EWN3,200,0,0,0,0,0,1461,200
E7EWX6,SIRT2,E7EWX6,3,0,0,0,0,0,237,3
E9PC49,SIRT1,E9PC49,8,0,0,0,0,0,452,8
E9PCS8,MTA3,E9PCS8,1,0,0,0,0,0,392,1
E9PDH6,EZH2,E9PDH6,16,0,0,0,0,0,144,16
E9PE09,ZMYND11,E9PE09,10,0,0,0,0,0,140,10
E9PE19,BPTF,E9PE19,78,0,0,0,0,0,2859,78
E9PE34,PHF3,E9PE34,3,0,0,0,0,0,813,3
E9PEH0,PRDM8,E9PEH0,104,0,0,0,0,0,427,104
E9PHG3,SMYD1,E9PHG3,2,0,0,0,0,0,477,2
E9PIB4,PRDM10,E9PIB4,1,0,0,0,0,0,115,1
E9PIQ3,BRD2,E9PIQ3,6,0,0,0,0,0,401,6
E9PJ24,PHRF1,E9PJ24,9,0,0,2,0,0,1645,9
E9PJI1,KAT5,E9PJI1,5,0,0,0,0,0,302,5
E9PJK2,EED,E9PJK2,37,1,1,11,3,4,361,37
E9PJS6,SIRT3,E9PJS6,1,0,0,0,0,0,95,1
E9PK80,SIRT3,E9PK80,2,0,0,0,0,0,318,2
E9PKQ9,BRD2,E9PKQ9,6,0,0,0,0,0,147,6
E9PLL7,L3MBTL3,E9PLL7,1,0,0,0,0,0,190,1
E9PLU5,PHF21A,E9PLU5,7,0,0,0,0,0,134,7
E9PLV1,PRDM10,E9PLV1,5,0,0,0,0,0,1117,5
E9PLV4,PHF21A,E9PLV4,3,0,0,0,0,0,62,3
E9PM75,SIRT3,E9PM75,4,0,0,0,0,0,345,4
E9PMU3,EED,E9PMU3,3,0,0,0,0,0,106,3
E9PN04,DPF2,E9PN04,3,0,0,0,0,0,106,3
E9PN58,SIRT3,E9PN58,4,0,0,0,0,0,353,4
E9PNN4,PHF21A,E9PNN4,1,0,0,0,0,0,11,1
E9PNW9,PHF21A,E9PNW9,2,0,0,0,0,0,26,2
E9PP20,CHD7,E9PP20,8,0,0,0,0,0,32,8
E9PPU5,RAG2,E9PPU5,176,0,0,0,0,0,150,176
E9PQB9,RAG2,E9PQB9,176,0,0,0,0,0,70,176
E9PQM3,PHF21A,E9PQM3,5,0,0,0,0,0,101,5
E9PQM8,SETDB1,E9PQM8,2,0,0,0,0,0,636,2
E9PR02,PHF21A,E9PR02,3,0,0,0,0,0,51,3
E9PR05,KMT2A,E9PR05,532,1,1,0,0,1,4005,532
E9PRF4,SETDB1,E9PRF4,5,0,0,0,0,0,1259,5
E9PRL6,KAT5,E9PRL6,3,0,0,0,0,0,269,3
E9PRM3,KAT5,E9PRM3,2,0,0,0,0,0,189,2
E9PS51,PHF21A,E9PS51,6,0,0,0,0,0,82,6
E9PS52,PRDM10,E9PS52,2,0,0,0,0,0,139,2
F2Z2J0,SETD5,F2Z2J0,18,0,0,0,0,0,52,18
F2Z2R5,CHD5,F2Z2R5,21,0,0,0,0,0,1225,21
F5GWX5,CHD4,F5GWX5,238,6,4,24,36,36,1905,238
F5GX28,KDM4B,F5GX28,30,0,0,0,0,0,1130,30
F5GXF5,BPTF,F5GXF5,70,0,0,0,0,0,2457,70
F5GZ99,KDM5A,F5GZ99,1,0,0,0,0,0,126,1
F5GZR8,KDM5A,F5GZR8,2,0,0,0,0,0,131,2
F5H0A1,KDM2B,F5H0A1,1,0,0,0,0,0,104,1
F5H176,BPTF,F5H176,3,0,0,0,0,0,137,3
F5H322,KDM5A,F5H322,1,0,0,0,0,0,122,1
F5H4X9,SIRT4,F5H4X9,1,0,0,0,0,0,106,1
F5H596,CHD4,F5H596,5,0,0,0,0,0,125,5
F5H5V6,KDM6A,F5H5V6,500,86,66,179,24,34,1322,500
F5H6N4,CHD4,F5H6N4,16,0,0,0,0,0,354,16
F5H6S1,KDM6A,F5H6S1,523,96,76,193,24,34,1356,523
F6RRE2,MTA3,F6RRE2,4,0,0,0,0,0,537,4
F6RS74,SMARCA2,F6RS74,18,0,0,0,0,0,193,18
F6T542,CHD5,F6T542,4,0,0,0,0,0,110,4
F6T8Q0,SMARCA2,F6T8Q0,79,23,18,15,0,0,248,79
F6UH26,SMARCA2,F6UH26,14,0,0,0,0,0,192,14
F6VDE0,SMARCA2,F6VDE0,595,67,51,85,103,118,1514,595
F6XE55,SMARCA2,F6XE55,12,0,0,0,0,0,228,12
F8VWK7,ASH1L,F8VWK7,7,0,0,0,0,0,177,7
F8VWY3,HDAC7,F8VWY3,1,0,0,0,0,0,224,1
F8W7G9,MSH6,F8W7G9,278,0,0,0,0,0,104,278
F8W8R6,KDM6A,F8W8R6,538,96,76,199,24,34,1408,538
F8W9Y9,MTA1,F8W9Y9,2,0,0,0,0,0,255,2
F8WAU9,KMT2E,F8WAU9,3,0,0,0,0,0,144,3
F8WAX8,MSH6,F8WAX8,397,0,0,0,0,0,160,397
F8WBT6,SIRT2,F8WBT6,1,0,0,0,0,0,96,1
F8WC61,MSL3,F8WC61,1,0,0,0,0,0,127,1
F8WCF4,SIRT2,F8WCF4,1,0,0,0,0,0,111,1
F8WCG4,HDAC8,F8WCG4,10,0,0,0,0,0,56,10
F8WCN1,KDM4C,F8WCN1,1,0,0,0,0,0,373,1
F8WD12,SETD5,F8WD12,2,0,0,0,0,0,65,2
F8WDK1,KDM5C,F8WDK1,5,0,0,0,0,0,53,5
F8WDM4,SIRT2,F8WDM4,1,0,0,0,0,0,52,1
F8WE91,DNMT3A,F8WE91,102,0,0,0,0,0,781,102
F8WEF5,PHRF1,F8WEF5,9,0,0,2,0,0,1647,9
F8WF56,KDM5C,F8WF56,7,0,0,0,0,0,99,7
F8WF57,SIRT2,F8WF57,1,0,0,0,0,0,39,1
F8WFA4,KMT5B,F8WFA4,6,0,0,0,0,0,159,6
G3V2G3,UBR7,G3V2G3,1,0,0,0,0,0,178,1
G3V303,CHD8,G3V303,21,0,0,0,0,0,151,21
G3XAA4,JADE2,G3XAA4,6,0,0,0,0,0,834,6
G3XAL2,EZH2,G3XAL2,104,0,0,0,0,0,334,104
G5E9C0,SP110,G5E9C0,111,0,0,0,0,0,547,111
H0Y3N9,PHF8,H0Y3N9,41,0,0,0,0,0,1049,41
H0Y3R4,SETD5,H0Y3R4,127,0,0,0,0,0,911,127
H0Y3T0,ATRX,H0Y3T0,29,0,0,0,0,0,198,29
H0Y463,BRWD1,H0Y463,1,0,0,0,0,0,548,1
H0Y4A7,BRWD1,H0Y4A7,1,0,0,0,0,0,235,1
H0Y4R9,BRWD1,H0Y4R9,1,0,0,0,0,0,266,1
H0Y4T7,MTA1,H0Y4T7,2,0,0,0,0,0,511,2
H0Y500,BRWD1,H0Y500,1,0,0,0,0,0,409,1
H0Y589,PHF8,H0Y589,27,0,0,0,0,0,659,27
H0Y5B5,PBRM1,H0Y5B5,6,0,0,0,0,0,1085,6
H0Y5I9,BRWD1,H0Y5I9,1,0,0,0,0,0,467,1
H0Y5M2,L3MBTL2,H0Y5M2,1,0,0,0,0,0,288,1
H0Y6H0,KDM1B,H0Y6H0,1,0,0,0,0,0,823,1
H0Y6K2,BRD2,H0Y6K2,6,0,0,0,0,0,807,6
H0Y6V5,KDM6A,H0Y6V5,15,0,0,0,0,0,161,15
H0Y765,KMT2C,H0Y765,152,0,0,0,0,0,1766,152
H0Y799,BRD2,H0Y799,3,0,0,0,0,0,296,3
H0Y7I2,L3MBTL1,H0Y7I2,1,0,0,0,0,0,149,1
H0Y7K5,KMT2A,H0Y7K5,1976,208,202,1301,86,131,519,1976
H0Y7M8,PHF8,H0Y7M8,2,0,0,0,0,0,134,2
H0Y8L0,PHF3,H0Y8L0,14,0,0,0,0,0,169,14
H0Y8N6,TAF1,H0Y8N6,13,0,0,0,0,0,150,13
H0Y8V4,CHD1,H0Y8V4,2,0,0,0,0,0,113,2
H0Y975,RERE,H0Y975,5,0,0,0,0,0,91,5
H0Y9L7,TAF1,H0Y9L7,18,0,0,0,0,0,341,18
H0Y9S1,PRDM5,H0Y9S1,14,0,0,0,0,0,145,14
H0Y9V5,KDM3B,H0Y9V5,6,0,0,0,0,0,274,6
H0YA13,PRDM16,H0YA13,341,0,0,0,0,0,1084,341
H0YCI1,PHF21A,H0YCI1,11,0,0,0,0,0,150,11
H0YCM5,PHF21A,H0YCM5,24,0,0,0,0,0,601,24
H0YD01,CHD7,H0YD01,2,0,0,0,0,0,19,2
H0YDC1,CHD7,H0YDC1,16,0,0,0,0,0,39,16
H0YEG3,KAT5,H0YEG3,2,0,0,0,0,0,95,2
H0YEI1,DPF2,H0YEI1,13,0,0,0,0,0,116,13
H0YEK2,PHF21A,H0YEK2,19,0,0,0,0,0,569,19
H0YEL4,EED,H0YEL4,8,0,0,0,0,0,115,8
H0YEP0,KAT5,H0YEP0,2,0,0,0,0,0,167,2
H0YEU4,KMT2A,H0YEU4,72,0,0,0,0,0,164,72
H0YF52,TRIM66,H0YF52,1,0,0,0,0,0,329,1
H0YFN0,TCF19,H0YFN0,4,0,0,0,0,0,297,4
H0YI15,HDAC7,H0YI15,1,0,0,0,0,0,61,1
H0YI41,HDAC7,H0YI41,1,0,0,0,0,0,152,1
H0YI82,ASH1L,H0YI82,4,0,0,0,0,0,154,4
H0YIU1,MBD6,H0YIU1,1,0,0,0,0,0,190,1
H0YJ74,BAZ1A,H0YJ74,1,0,0,0,0,0,76,1
H0YJA4,CHD8,H0YJA4,40,0,0,0,0,0,372,40
H0YJC9,ASXL1,H0YJC9,3,0,0,0,0,0,75,3
H0YJG4,CHD8,H0YJG4,151,0,0,0,0,0,1815,151
H0YJJ2,TDRD9,H0YJJ2,1,0,0,0,0,0,918,1
H0YJM2,UBR7,H0YJM2,1,0,0,0,0,0,174,1
H0YMN5,INO80,H0YMN5,7,0,0,0,0,0,1104,7
H0YNL4,KMT2C,H0YNL4,68,0,0,0,0,0,914,68
H3BM24,HDAC2,H3BM24,3,0,0,0,0,0,161,3
H3BM39,KDM8,H3BM39,1,0,0,0,0,0,120,1
H3BME1,FBXL19,H3BME1,1,0,0,0,0,0,558,1
H3BMX5,KAT8,H3BMX5,6,0,0,0,0,0,187,6
H3BPZ0,FBXL19,H3BPZ0,4,0,0,0,0,0,674,4
H3BR76,KDM8,H3BR76,2,0,0,0,0,0,163,2
H3BTW3,CHD9,H3BTW3,2,0,0,0,0,0,2424,2
H3BVB1,FBXL19,H3BVB1,2,0,0,0,0,0,382,2
H7BXK5,BAZ2B,H7BXK5,1,0,0,0,0,0,211,1
H7BXP2,KMT5B,H7BXP2,4,0,0,0,0,0,103,4
H7BXS9,TNRC18,H7BXS9,7,0,0,0,0,0,407,7
H7BXT4,SETD2,H7BXT4,299,0,0,0,0,0,1365,299
H7BXU7,JMJD1C,H7BXU7,195,0,0,0,0,0,956,195
H7BY37,KMT2C,H7BY37,309,0,0,0,0,0,3476,309
H7BY72,MECP2,H7BY72,1,0,0,0,0,0,37,1
H7BY98,TAF1,H7BY98,29,0,0,0,0,0,458,29
H7BYB0,NSD1,H7BYB0,8,0,0,0,0,0,64,8
H7BYE4,MSL3,H7BYE4,4,0,0,0,0,0,116,4
H7BYW9,RERE,H7BYW9,45,0,0,0,0,0,584,45
H7BZ93,SETD2,H7BZ93,280,0,0,0,0,0,1290,280
H7BZR2,PRDM6,H7BZR2,2,0,0,0,0,0,73,2
H7BZT3,HDAC4,H7BZT3,13,0,0,0,0,0,148,13
H7C026,BRD8,H7C026,3,0,0,0,0,0,336,3
H7C066,MBD5,H7C066,328,0,0,0,0,0,1064,328
H7C0J3,CHD3,H7C0J3,14,0,0,0,0,0,383,14
H7C0N9,TNRC18,H7C0N9,4,0,0,0,0,0,252,4
H7C0P2,JADE2,H7C0P2,1,0,0,0,0,0,47,1
H7C112,FBXL19,H7C112,1,0,0,0,0,0,586,1
H7C177,TNRC18,H7C177,1,0,0,0,0,0,192,1
H7C1F2,SETD5,H7C1F2,58,0,0,0,0,0,441,58
H7C1I6,BAZ2B,H7C1I6,1,0,0,0,0,0,179,1
H7C1Q2,SETD5,H7C1Q2,24,0,0,0,0,0,177,24
H7C1V1,MORC2,H7C1V1,38,0,0,0,0,0,191,38
H7C212,KMT2C,H7C212,21,0,0,0,0,0,367,21
H7C228,L3MBTL2,H7C228,1,0,0,0,0,0,232,1
H7C294,CHD6,H7C294,2,0,0,0,0,0,525,2
H7C2H0,CHD3,H7C2H0,15,0,0,0,0,0,525,15
H7C2K9,TAF1,H7C2K9,29,0,0,0,0,0,456,29
H7C2V8,KMT2C,H7C2V8,156,0,0,0,0,0,1792,156
H7C2W2,SHPRH,H7C2W2,1,0,0,0,0,0,449,1
H7C397,HDAC4,H7C397,8,0,0,0,0,0,175,8
H7C3H4,SETD2,H7C3H4,335,0,0,0,0,0,1675,335
H7C3H7,CHD3,H7C3H7,12,0,0,0,0,0,277,12
H7C3U5,TNRC18,H7C3U5,3,0,0,0,0,0,308,3
H7C409,BRWD1,H7C409,1,0,0,0,0,0,452,1
H7C4F3,KMT2E,H7C4F3,57,0,0,0,0,0,125,57
H7C4N0,PHF7,H7C4N0,1,0,0,0,0,0,326,1
H7C4X9,ZMYND8,H7C4X9,2,0,0,0,0,0,1095,2
H7C5C4,KMT2E,H7C5C4,32,0,0,0,0,0,21,32
H7C5Q8,PHF7,H7C5Q8,1,0,0,0,0,0,63,1
H7C5V8,KMT2A,H7C5V8,92,0,0,0,0,0,531,92
H7C5W4,KMT2A,H7C5W4,92,0,0,0,0,0,500,92
H9KV62,TDRD1,H9KV62,2,0,0,0,0,0,1104,2
H9KV63,TDRD1,H9KV63,2,0,0,0,0,0,1113,2
H9KVB4,TNRC18,H9KVB4,29,0,0,0,0,0,2968,29
I3L0K6,AKAP1,I3L0K6,2,0,0,0,0,0,137,2
I3L0Q1,CREBBP,I3L0Q1,35,0,0,0,0,0,254,35
I3L0W0,AKAP1,I3L0W0,2,0,0,0,0,0,204,2
I3L0Z0,KDM6B,I3L0Z0,11,0,0,0,0,0,361,11
I3L1I4,CHD3,I3L1I4,3,0,0,0,0,0,110,3
I3L1M7,TCF20,I3L1M7,13,0,0,0,0,0,153,13
I3L229,CHD3,I3L229,8,0,0,0,0,0,249,8
I3L293,CREBBP,I3L293,26,0,0,0,0,0,181,26
I3L2A2,AKAP1,I3L2A2,2,0,0,0,0,0,182,2
I3L2N7,AKAP1,I3L2N7,2,0,0,0,0,0,186,2
I3L2P4,SMYD4,I3L2P4,1,0,0,0,0,0,223,1
I3L364,AKAP1,I3L364,2,0,0,0,0,0,95,2
I3L3I5,CREBBP,I3L3I5,42,0,0,0,0,0,196,42
I3L3K1,AKAP1,I3L3K1,2,0,0,0,0,0,83,2
I3L466,CREBBP,I3L466,197,0,0,2,4,4,1105,197
I3L496,SMYD4,I3L496,1,0,0,0,0,0,177,1
I3NI36,AKAP1,I3NI36,1,0,0,0,0,0,360,1
J3KMZ8,DPF2,J3KMZ8,64,4,4,12,9,11,405,64
J3KNN9,KMT2A,J3KNN9,1917,202,200,1259,84,129,502,1917
J3KPH8,HDAC7,J3KPH8,2,0,0,0,0,0,1014,2
J3KQ61,BRD1,J3KQ61,6,0,0,0,0,0,509,6
J3KSK9,BPTF,J3KSK9,12,0,0,0,0,0,484,12
J3KSY0,BPTF,J3KSY0,1,0,0,0,0,0,64,1
J3QKD2,ZMYND11,J3QKD2,4,0,0,0,0,0,50,4
J3QLL5,RAI1,J3QLL5,18,0,0,0,0,0,65,18
J3QQK4,BPTF,J3QQK4,83,0,0,0,0,0,3158,83
J3QQQ8,BPTF,J3QQQ8,7,0,0,0,0,0,420,7
J3QQU3,PHF12,J3QQU3,1,0,0,0,0,0,129,1
J3QR08,RAI1,J3QR08,16,0,0,0,0,0,156,16
K7EIE3,RERE,K7EIE3,8,0,0,0,0,0,89,8
K7EIQ4,RERE,K7EIQ4,3,0,0,0,0,0,26,3
K7EIZ6,DNMT1,K7EIZ6,8,0,0,0,0,0,40,8
K7EJ43,PHF12,K7EJ43,2,0,0,0,0,0,215,2
K7EJ76,ASXL3,K7EJ76,12,0,0,0,0,0,318,12
K7EJL0,DNMT1,K7EJL0,60,0,0,0,0,0,255,60
K7EJL6,HDAC5,K7EJL6,1,0,0,0,0,0,79,1
K7EJQ1,RERE,K7EJQ1,5,0,0,0,0,0,35,5
K7EKC3,DNMT1,K7EKC3,12,0,0,0,0,0,25,12
K7ELB1,DNMT1,K7ELB1,33,0,0,0,0,0,94,33
K7ELG8,ASXL3,K7ELG8,1,0,0,0,0,0,61,1
K7EMA9,MBD1,K7EMA9,1,0,0,0,0,0,256,1
K7EMC0,CHD5,K7EMC0,1,0,0,0,0,0,90,1
K7EMM8,GLYR1,K7EMM8,2,0,0,0,0,0,524,2
K7EMU6,ASXL3,K7EMU6,1,0,0,0,0,0,85,1
K7EMU8,DNMT1,K7EMU8,44,0,0,0,0,0,89,44
K7EMY3,CHD5,K7EMY3,25,0,0,0,0,0,1060,25
K7EN65,MBD1,K7EN65,1,0,0,0,0,0,240,1
K7ENQ6,DNMT1,K7ENQ6,38,0,0,0,0,0,119,38
K7ENU0,PHF12,K7ENU0,1,0,0,0,0,0,92,1
K7ENW7,DNMT1,K7ENW7,66,0,0,0,0,0,389,66
K7EP28,SMARCA4,K7EP28,178,0,0,5,0,1,221,178
K7EP77,DNMT1,K7EP77,8,0,0,0,0,0,55,8
K7EPU6,GLYR1,K7EPU6,2,0,0,0,0,0,171,2
K7EPV1,CHD3,K7EPV1,2,0,0,0,0,0,63,2
K7EPZ6,MBD1,K7EPZ6,1,0,0,0,0,0,416,1
K7EQ54,KDM4B,K7EQ54,5,0,0,0,0,0,623,5
K7EQB2,GLYR1,K7EQB2,2,0,0,0,0,0,185,2
K7EQF0,SMARCA4,K7EQF0,353,0,0,7,0,2,348,353
K7EQP5,PHF12,K7EQP5,1,0,0,0,0,0,117,1
K7ER10,DNMT1,K7ER10,15,0,0,0,0,0,77,15
K7ERQ1,DNMT1,K7ERQ1,24,0,0,0,0,0,71,24
K7ERS6,KAT2A,K7ERS6,1,0,0,0,0,0,276,1
K7ERZ4,PHF12,K7ERZ4,1,0,0,0,0,0,153,1
K7ES23,KDM4B,K7ES23,2,0,0,0,0,0,120,2
K7ESA5,CHD5,K7ESA5,1,0,0,0,0,0,127,1
M0QYW0,BRD4,M0QYW0,1,0,0,0,0,0,146,1
M0QZ09,SIRT6,M0QZ09,3,0,0,0,0,0,275,3
M0QZD9,BRD4,M0QZD9,10,0,0,0,0,0,572,10
M0R0H4,BRD4,M0R0H4,1,0,0,0,0,0,105,1
M0R0K9,TRIM28,M0R0K9,2,0,0,0,0,0,460,2
M0R1N9,SIRT6,M0R1N9,3,0,0,0,2,2,176,3
M0R2I3,TRIM28,M0R2I3,1,0,0,0,0,0,162,1
O14646,CHD1,O14646,97,1,1,21,4,4,1710,97
O14647,CHD2,O14647,2550,370,350,946,72,98,1828,3324
O14647,CHD2,O14647-2,485,0,0,0,0,0,1739,3324
O14647,CHD2,O14647-3,289,44,42,104,0,2,501,3324
O14686,KMT2D,O14686,5974,1904,1104,1878,198,243,5537,7245
O14686,KMT2D,O14686-3,1271,3,1,15,12,16,5540,7245
O15047,SETD1A,O15047,366,27,15,90,18,27,1707,366
O15054,KDM6B,O15054,301,39,33,58,9,9,1643,440
O15054,KDM6B,O15054-1,139,13,11,20,3,3,1682,440
O15164,TRIM24,O15164,4,0,0,0,0,0,1050,6
O15164,TRIM24,O15164-2,2,0,0,0,0,0,1016,6
O15379,HDAC3,O15379,12,0,0,0,4,4,428,12
O15417,TNRC18,O15417,61,2,0,2,0,0,2968,61
O15550,KDM6A,O15550,538,96,76,200,24,34,1401,538
O43151,TET3,O43151,137,1,1,32,14,14,1795,137
O43463,SUV39H1,O43463,5,0,0,3,0,0,412,7
O43463,SUV39H1,O43463-2,2,0,0,1,0,0,423,7
O43593,HR,O43593,1015,366,185,454,29,37,1189,1249
O43593,HR,O43593-2,234,72,37,88,7,9,1134,1249
O43918,AIRE,O43918,731,64,60,361,57,66,545,731
O60264,SMARCA5,O60264,9,0,0,0,0,0,1052,9
O60341,KDM1A,O60341,136,2,2,17,9,9,852,203
O60341,KDM1A,O60341-2,67,1,1,8,4,4,876,203
O60522,TDRD6,O60522,17,3,3,0,0,0,2096,25
O60522,TDRD6,O60522-2,8,1,1,0,0,0,2066,25
O60885,BRD4,O60885,132,6,6,34,0,0,1362,184
O60885,BRD4,O60885-2,26,1,1,6,0,0,722,184
O60885,BRD4,O60885-3,26,1,1,6,0,0,794,184
O75151,PHF2,O75151,9,0,0,4,0,0,1096,9
O75164,KDM4A,O75164,2,0,0,0,0,0,1064,2
O75475,PSIP1,O75475,12,0,0,0,0,0,530,12
O75530,EED,O75530,170,6,6,35,18,21,441,242
O75530,EED,O75530-2,50,2,2,11,6,7,466,242
O75530,EED,O75530-3,22,0,0,0,0,0,400,242
O75626,PRDM1,O75626,134,0,0,0,0,0,825,227
O75626,PRDM1,O75626-2,54,0,0,0,0,0,789,227
O75626,PRDM1,O75626-3,39,0,0,0,0,0,691,227
O94880,PHF14,O94880,4,0,0,0,0,0,948,6
O94880,PHF14,O94880-1,2,0,0,0,0,0,888,6
O94953,KDM4B,O94953,0,0,0,0,0,0,1096,15
O94953,KDM4B,O94953-2,15,0,0,1,1,2,448,15
O95243,MBD4,O95243,192,0,0,17,11,11,580,339
O95243,MBD4,O95243-2,42,0,0,3,2,2,574,339
O95243,MBD4,O95243-3,39,0,0,3,2,2,540,339
O95243,MBD4,O95243-5,39,0,0,3,2,2,572,339
O95243,MBD4,O95243-6,27,0,0,3,2,2,262,339
O95696,BRD1,O95696,56,0,0,0,0,0,1058,84
O95696,BRD1,O95696-2,28,0,0,0,0,0,1189,84
O95931,CBX7,O95931,3,0,0,2,0,0,251,3
P04062,ATRX,P04062,2816,81,76,545,1455,1358,536,3932
P04062,ATRX,P04062-4,545,14,14,86,246,229,449,3932
P04062,ATRX,P04062-5,571,15,14,93,245,231,487,3932
P0C870,JMJD7,P0C870,4,0,0,0,0,0,316,4
P19544,KMT2A,P19544,0,0,0,0,0,0,449,3327
P19544,KMT2A,P19544-6,616,56,54,292,44,61,302,3327
P19544,KMT2A,P19544-7,1293,109,106,665,48,71,522,3327
P19544,KMT2A,P19544-8,842,53,53,271,44,61,505,3327
P19544,KMT2A,P19544-9,576,53,53,271,43,60,288,3327
P21675,TAF1,P21675,0,0,0,0,0,0,1893,562
P21675,TAF1,P21675-13,281,7,7,49,35,45,1852,562
P21675,TAF1,P21675-14,281,7,7,49,35,45,1873,562
P25440,BRD2,P25440,140,0,0,0,0,0,801,178
P25440,BRD2,P25440-2,30,0,0,0,0,0,836,178
P25440,BRD2,P25440-3,4,0,0,0,0,0,754,178
P25440,BRD2,P25440-4,4,0,0,0,0,0,681,178
P26358,DNMT1,P26358-2,945,134,128,408,22,25,1632,2919
P26358,DNMT1,P26358,1974,310,298,901,56,63,1616,2919
P28370,SMARCA1,P28370,35,2,2,6,0,0,1054,41
P28370,SMARCA1,P28370-2,6,0,0,0,0,0,1042,41
P29375,KDM5A,P29375,38,0,0,1,0,0,1690,38
P41229,KDM5C,P41229,1840,213,125,388,115,153,1560,3173
P41229,KDM5C,P41229-2,414,45,27,87,27,36,1557,3173
P41229,KDM5C,P41229-3,166,0,0,0,0,0,1516,3173
P41229,KDM5C,P41229-4,337,34,20,69,24,32,1379,3173
P41229,KDM5C,P41229-5,416,46,27,87,27,36,1559,3173
P46100,ATRX,P46100,3130,819,620,904,146,160,2492,4640
P46100,ATRX,P46100-4,1510,375,282,416,65,72,2454,4640
P51531,SMARCA2,P51531,2373,234,176,304,410,468,1590,3487
P51531,SMARCA2,P51531-2,1114,92,66,130,182,210,1572,3487
P51532,SMARCA4,P51532,55399,8140,7852,35091,1094,1242,1647,98395
P51532,SMARCA4,P51532-2,17188,2416,2328,10480,324,368,1614,98395
P51532,SMARCA4,P51532-3,4303,606,584,2621,81,92,1616,98395
P51532,SMARCA4,P51532-4,12915,1818,1752,7866,243,276,1617,98395
P51532,SMARCA4,P51532-5,8590,1208,1164,5238,162,184,1613,98395
P51608,MECP2,P51608,3201,862,714,1233,573,629,486,4662
P51608,MECP2,P51608-2,1461,357,294,510,230,251,498,4662
P52701,MSH6,P52701,30587,9228,8108,20643,1423,1890,1360,46497
P52701,MSH6,P52701-3,9994,2587,2267,5751,382,517,1230,46497
P52701,MSH6,P52701-4,5916,2106,1876,4856,376,481,1058,46497
P55197,MLLT10,P55197,11,0,0,7,0,0,1068,13
P55197,MLLT10,P55197-1,2,0,0,1,0,0,1027,13
P55201,BRPF1,P55201,658,48,48,124,30,42,1214,1158
P55201,BRPF1,P55201-2,252,16,16,42,10,14,1220,1158
P55201,BRPF1,P55201-3,126,8,8,21,5,7,1213,1158
P55201,BRPF1,P55201-4,122,8,8,20,5,7,1119,1158
P55895,RAG2,P55895,3320,388,356,2040,872,992,527,3320
P56524,HDAC4,P56524,177,14,14,35,13,17,1084,177
Q03164,KMT2A,Q03164,2907,122,114,208,36,55,3969,4599
Q03164,KMT2A,Q03164-2,527,1,1,0,0,1,3931,4599
Q03164,KMT2A,Q03164-3,1165,44,41,88,16,24,3972,4599
Q09472,EP300,Q09472,833,188,156,188,48,50,2414,1666
Q09472,CREBBP,Q09472,833,188,156,188,48,50,2414,1666
Q12830,BPTF,Q12830,332,2,2,40,12,12,3046,581
Q12830,BPTF,Q12830-2,163,1,1,20,6,6,2920,581
Q12830,BPTF,Q12830-4,86,1,1,20,6,6,2903,581
Q12873,CHD3,Q12873,808,13,13,133,197,186,2000,1326
Q12873,CHD3,Q12873-2,249,3,3,37,57,54,1966,1326
Q12873,CHD3,Q12873-3,269,4,4,42,57,54,2059,1326
Q13029,PRDM2,Q13029,30,0,0,0,0,0,1718,48
Q13029,PRDM2,Q13029-2,3,0,0,0,0,0,1682,48
Q13029,PRDM2,Q13029-3,3,0,0,0,0,0,1517,48
Q13029,PRDM2,Q13029-5,12,0,0,0,0,0,1481,48
Q13263,TRIM28,Q13263,14,0,0,8,0,0,835,16
Q13263,TRIM28,Q13263-2,2,0,0,0,0,0,753,16
Q13330,MTA1,Q13330,8,0,0,2,0,0,715,10
Q13330,MTA1,Q13330-3,2,0,0,0,0,0,698,10
Q13342,SP140,Q13342,22,0,0,0,0,0,867,38
Q13342,SP140,Q13342-3,6,0,0,0,0,0,753,38
Q13342,SP140,Q13342-5,4,0,0,0,0,0,840,38
Q13342,SP140,Q13342-6,6,0,0,0,0,0,807,38
Q13415,ORC1,Q13415,542,38,28,94,28,32,861,542
Q13547,HDAC1,Q13547,3,0,0,0,2,2,482,3
Q14739,LBR,Q14739,646,74,52,256,54,60,615,646
Q14781,CBX2,Q14781,37,0,0,2,6,6,532,39
Q14781,CBX2,Q14781-2,2,0,0,0,0,0,211,39
Q14839,CHD4,Q14839,347,6,4,25,36,36,1912,454
Q14839,CHD4,Q14839-2,107,0,0,0,0,0,1940,454
Q149N8,SHPRH,Q149N8,7,0,0,0,0,0,1683,10
Q149N8,SHPRH,Q149N8-2,1,0,0,0,0,0,929,10
Q149N8,SHPRH,Q149N8-4,2,0,0,0,0,0,1659,10
Q15047,SETDB1,Q15047,20,0,0,0,0,0,1291,30
Q15047,SETDB1,Q15047-3,10,0,0,0,0,0,1290,30
Q15059,BRD3,Q15059,4,0,0,2,0,0,726,5
Q15059,BRD3,Q15059-2,1,0,0,0,0,0,556,5
Q15326,ZMYND11,Q15326,1013,14,14,153,143,157,602,1546
Q15326,ZMYND11,Q15326-2,192,2,2,22,24,26,548,1546
Q15326,ZMYND11,Q15326-3,83,1,1,11,5,6,568,1546
Q15326,ZMYND11,Q15326-4,83,1,1,11,5,6,514,1546
Q15326,ZMYND11,Q15326-5,92,1,1,10,12,13,517,1546
Q15326,ZMYND11,Q15326-6,83,1,1,11,5,6,567,1546
Q15652,JMJD1C,Q15652,2886,206,167,1625,0,0,2540,3986
Q15652,JMJD1C,Q15652-3,1100,66,53,513,0,0,2358,3986
Q15910,EZH2,Q15910,1586,226,194,383,232,279,746,2824
Q15910,EZH2,Q15910-2,252,34,29,56,34,41,751,2824
Q15910,EZH2,Q15910-3,246,33,28,55,34,41,707,2824
Q15910,EZH2,Q15910-4,250,33,29,56,34,41,737,2824
Q15910,EZH2,Q15910-5,490,62,54,106,68,82,695,2824
Q2PJS8,DNMT3B,Q2PJS8,81,0,0,0,0,0,360,81
Q3L8U1,CHD9,Q3L8U1,8,0,0,0,0,0,2897,12
Q3L8U1,CHD9,Q3L8U1-2,4,0,0,0,0,0,2881,12
Q498B9,ASXL1,Q498B9,9,0,0,0,0,0,85,9
Q49A26,GLYR1,Q49A26,14,0,0,0,0,0,553,24
Q49A26,GLYR1,Q49A26-2,2,0,0,0,0,0,536,24
Q49A26,GLYR1,Q49A26-3,4,0,0,0,0,0,547,24
Q49A26,GLYR1,Q49A26-5,4,0,0,0,0,0,472,24
Q4FZB7,KMT5B,Q4FZB7,290,8,8,58,24,36,885,382
Q4FZB7,KMT5B,Q4FZB7-2,78,0,0,8,8,12,393,382
Q4FZB7,KMT5B,Q4FZB7-4,14,0,0,0,0,0,278,382
Q587J7,TDRD12,Q587J7,1,0,0,0,0,0,1177,1
Q58F21,BRDT,Q58F21,14,0,0,9,0,9,947,19
Q58F21,BRDT,Q58F21-3,1,0,0,1,0,1,951,19
Q58F21,BRDT,Q58F21-4,2,0,0,1,0,1,901,19
Q58F21,BRDT,Q58F21-5,2,0,0,1,0,1,874,19
Q5JPR8,PHF8,Q5JPR8,5,0,0,0,0,0,114,5
Q5JRC6,PHF6,Q5JRC6,37,0,0,0,6,6,324,37
Q5JWS8,ASXL1,Q5JWS8,3,0,0,0,0,0,81,3
Q5JWZ0,PHF20,Q5JWZ0,1,0,0,0,0,0,543,1
Q5JXL1,PHF20,Q5JXL1,1,0,0,0,0,0,549,1
Q5SZR4,TDRKH,Q5SZR4,1,0,0,0,0,0,557,1
Q5T6R1,RNF17,Q5T6R1,1,0,0,0,0,0,633,1
Q5TEE2,HDAC1,Q5TEE2,1,0,0,0,0,0,211,1
Q5VUG0,SFMBT2,Q5VUG0,4,0,0,0,0,0,894,4
Q5VWG9,TAF3,Q5VWG9,2,0,0,0,0,0,929,2
Q6B0I6,KDM4D,Q6B0I6,12,0,0,0,0,0,523,12
Q6GMV2,SMYD5,Q6GMV2,2,0,0,0,0,0,418,2
Q6IE81,JADE1,Q6IE81,10,0,0,0,0,0,842,12
Q6IE81,JADE1,Q6IE81-2,2,0,0,0,0,0,830,12
Q6N021,TET2,Q6N021,430,1,1,26,5,11,2002,556
Q6N021,TET2,Q6N021-2,93,1,1,4,1,1,1165,556
Q6N021,TET2,Q6N021-3,33,0,0,0,0,0,1194,556
Q6P1M8,ASXL1,Q6P1M8,4,0,0,0,0,0,84,4
Q6PCT2,FBXL19,Q6PCT2,2,0,0,0,0,0,694,2
Q6RI45,BRWD3,Q6RI45,224,20,17,34,2,4,1802,224
Q6ZRS2,SRCAP,Q6ZRS2,1998,243,243,363,9,9,3230,1998
Q76L82,ASXL1,Q76L82,219,0,0,1,0,1,1536,219
Q76L83,ASXL2,Q76L83,267,12,10,32,0,0,1435,322
Q76L83,ASXL2,Q76L83-2,55,0,0,0,0,0,918,322
Q7KZF4,SND1,Q7KZF4,6,2,2,2,0,0,910,6
Q7LBC6,KDM3B,Q7LBC6,87,7,6,20,5,7,1761,87
Q7Z5J4,RAI1,Q7Z5J4,1394,263,204,278,4,6,1906,1394
Q86U86,PBRM1,Q86U86,118,0,0,0,0,0,1689,220
Q86U86,PBRM1,Q86U86-2,16,0,0,0,0,0,1634,220
Q86U86,PBRM1,Q86U86-3,16,0,0,0,0,0,1602,220
Q86U86,PBRM1,Q86U86-4,16,0,0,0,0,0,1582,220
Q86U86,PBRM1,Q86U86-5,16,0,0,0,0,0,1582,220
Q86U86,PBRM1,Q86U86-6,4,0,0,0,0,0,856,220
Q86U86,PBRM1,Q86U86-7,9,0,0,0,0,0,1597,220
Q86U86,PBRM1,Q86U86-8,9,0,0,0,0,0,1652,220
Q86U86,PBRM1,Q86U86-9,16,0,0,0,0,0,1609,220
Q86VD1,MORC1,Q86VD1,3,0,0,0,0,0,984,4
Q86VD1,MORC1,Q86VD1-2,1,0,0,0,0,0,963,4
Q8IWS0,PHF6,Q8IWS0,457,8,8,83,68,83,365,608
Q8IWS0,PHF6,Q8IWS0-2,77,2,2,14,11,14,312,608
Q8IWS0,PHF6,Q8IWS0-5,74,0,0,0,12,12,331,608
Q8IXJ6,SIRT2,Q8IXJ6,24,0,0,0,0,0,389,36
Q8IXJ6,SIRT2,Q8IXJ6-2,12,0,0,0,0,0,352,36
Q8IXJ9,ASXL1,Q8IXJ9,558,73,61,53,1,3,1541,558
Q8IYR2,SMYD4,Q8IYR2,2,0,0,0,0,0,804,2
Q8IZD2,KMT2E,Q8IZD2,267,2,2,21,3,3,1858,404
Q8IZD2,KMT2E,Q8IZD2-3,26,0,0,0,0,0,609,404
Q8IZD2,KMT2E,Q8IZD2-4,22,0,0,0,0,0,865,404
Q8IZD2,KMT2E,Q8IZD2-7,57,0,0,0,0,0,1816,404
Q8IZD2,KMT2E,Q8IZD2-8,32,0,0,0,0,0,1168,404
Q8N371,KDM8,Q8N371,10,0,0,2,0,0,416,16
Q8N371,KDM8,Q8N371-2,2,0,0,0,0,0,220,16
Q8N371,KDM8,Q8N371-3,4,0,0,1,0,0,454,16
Q8N5Y2,MSL3,Q8N5Y2,290,0,0,59,27,28,521,554
Q8N5Y2,MSL3,Q8N5Y2-3,24,0,0,5,2,2,509,554
Q8N5Y2,MSL3,Q8N5Y2-4,126,0,0,24,12,12,355,554
Q8N5Y2,MSL3,Q8N5Y2-5,22,0,0,4,2,3,416,554
Q8N5Y2,MSL3,Q8N5Y2-6,92,0,0,20,8,8,372,554
Q8N6T7,SIRT6,Q8N6T7,17,0,0,0,3,3,355,25
Q8N6T7,SIRT6,Q8N6T7-2,8,0,0,0,1,1,328,25
Q8N806,UBR7,Q8N806,10,4,4,4,0,0,425,10
Q8NAT2,TDRD5,Q8NAT2,8,0,0,0,0,0,981,12
Q8NAT2,TDRD5,Q8NAT2-1,4,0,0,0,0,0,1035,12
Q8NB12,SMYD1,Q8NB12,2,0,0,0,0,0,490,2
Q8NB78,KDM1B,Q8NB78,4,0,0,0,0,0,822,6
Q8NB78,KDM1B,Q8NB78-2,2,0,0,0,0,0,590,6
Q8NDG6,TDRD9,Q8NDG6,16,0,0,6,0,0,1382,16
Q8NEZ4,KMT2C,Q8NEZ4,1422,96,84,167,14,18,4911,1817
Q8NEZ4,KMT2C,Q8NEZ4-3,395,0,0,0,0,0,4968,1817
Q8NFU7,TET1,Q8NFU7,14,0,0,0,0,0,2136,14
Q8NHM5,KDM2B,Q8NHM5,15,6,6,0,6,6,1336,21
Q8NHM5,KDM2B,Q8NHM5-4,5,2,2,0,2,2,1265,21
Q8NHM5,KDM2B,Q8NHM5-5,1,0,0,0,0,0,559,21
Q8NHU6,TDRD7,Q8NHU6,210,12,6,139,3,3,1098,265
Q8NHU6,TDRD7,Q8NHU6-2,55,4,2,45,1,1,1024,265
Q8TBE0,BAHD1,Q8TBE0,5,0,0,0,0,0,780,8
Q8TBE0,BAHD1,Q8TBE0-2,2,0,0,0,0,0,779,8
Q8TBE0,BAHD1,Q8TBE0-3,1,0,0,0,0,0,777,8
Q8TD26,CHD6,Q8TD26,18,0,0,2,0,0,2715,19
Q8TD26,CHD6,Q8TD26-2,1,0,0,0,0,0,373,19
Q8TDI0,CHD5,Q8TDI0,97,0,0,18,20,20,1954,97
Q8TE76,MORC4,Q8TE76,4,0,0,0,0,0,937,6
Q8TE76,MORC4,Q8TE76-3,2,0,0,0,0,0,900,6
Q8WUI4,HDAC7,Q8WUI4,14,0,0,0,0,0,952,26
Q8WUI4,HDAC7,Q8WUI4-5,4,0,0,0,0,0,991,26
Q8WUI4,HDAC7,Q8WUI4-6,4,0,0,0,0,0,974,26
Q8WUI4,HDAC7,Q8WUI4-7,4,0,0,0,0,0,954,26
Q8WWQ0,PHIP,Q8WWQ0,162,12,8,36,17,18,1821,162
Q8WYB5,KAT6B,Q8WYB5,9411,3014,2486,3997,160,160,2073,14347
Q8WYB5,KAT6B,Q8WYB5-2,1724,458,374,636,28,28,1890,14347
Q8WYB5,KAT6B,Q8WYB5-3,3212,900,732,1168,48,48,1781,14347
Q92576,PHF3,Q92576,30,0,0,5,0,0,2039,36
Q92576,PHF3,Q92576-2,6,0,0,1,0,0,1951,36
Q92667,AKAP1,Q92667,89,0,0,10,0,0,903,103
Q92667,AKAP1,Q92667-2,14,0,0,0,0,0,593,103
Q92769,HDAC2,Q92769,11,0,0,2,0,0,488,15
Q92769,HDAC2,Q92769-3,4,0,0,0,0,0,458,15
Q92785,DPF2,Q92785-2,17,0,0,0,0,0,207,98
Q92785,DPF2,Q92785,81,4,4,12,9,11,391,98
Q92793,CREBBP,Q92793,2536,500,407,658,352,357,2442,3733
Q92793,CREBBP,Q92793-2,1197,220,179,295,145,147,2404,3733
Q92794,KAT6A,Q92794,984,218,198,162,12,12,2004,984
Q92800,EZH1,Q92800,20,0,0,4,4,4,747,30
Q92800,EZH1,Q92800-2,3,0,0,1,1,1,753,30
Q92800,EZH1,Q92800-3,5,0,0,1,1,1,707,30
Q92800,EZH1,Q92800-4,2,0,0,0,0,0,677,30
Q92830,KAT2A,Q92830,2,0,0,0,0,0,837,2
Q92831,KAT2B,Q92831,8,0,0,2,0,0,832,8
Q92833,JARID2,Q92833,71,0,0,17,0,0,1246,105
Q92833,JARID2,Q92833-3,34,0,0,7,0,0,1074,105
Q92993,KAT5,Q92993,65,0,0,9,15,15,513,109
Q92993,KAT5,Q92993-2,14,0,0,2,3,3,461,109
Q92993,KAT5,Q92993-3,16,0,0,2,3,3,546,109
Q92993,KAT5,Q92993-4,14,0,0,2,3,3,494,109
Q969R5,L3MBTL2,Q969R5,3,0,0,0,0,0,705,4
Q969R5,L3MBTL2,Q969R5-2,1,0,0,0,0,0,614,4
Q96BD5,PHF21A,Q96BD5,299,25,25,40,0,5,680,513
Q96BD5,PHF21A,Q96BD5-2,140,10,10,16,0,2,634,513
Q96BD5,PHF21A,Q96BD5-3,74,5,5,8,0,1,681,513
Q96DB2,HDAC11,Q96DB2,4,0,0,0,0,0,347,6
Q96DB2,HDAC11,Q96DB2-2,2,0,0,0,0,0,296,6
Q96DN6,MBD6,Q96DN6,8,0,0,0,0,0,1003,8
Q96EB6,SIRT1,Q96EB6,33,0,0,2,0,0,747,33
Q96JM7,L3MBTL3,Q96JM7,20,0,0,0,0,0,780,32
Q96JM7,L3MBTL3,Q96JM7-2,12,0,0,0,0,0,755,32
Q96KQ7,EHMT2,Q96KQ7,10,0,0,0,0,0,1210,15
Q96KQ7,EHMT2,Q96KQ7-2,5,0,0,0,0,0,1176,15
Q96L73,NSD1,Q96L73,2302,366,310,640,215,293,2696,2817
Q96L73,NSD1,Q96L73-3,515,1,1,16,31,40,2593,2817
Q96L91,EP400,Q96L91,0,0,0,0,0,0,3159,34
Q96L91,EP400,Q96L91-2,34,1,1,1,0,0,3123,34
Q96QT6,PHF12,Q96QT6,15,2,2,0,0,0,1004,23
Q96QT6,PHF12,Q96QT6-2,4,0,0,0,0,0,704,23
Q96QT6,PHF12,Q96QT6-5,4,0,0,0,0,0,849,23
Q96T68,SETDB2,Q96T68,12,0,0,0,0,0,719,20
Q96T68,SETDB2,Q96T68-2,8,0,0,0,0,0,707,20
Q9BRX7,HDAC6,Q9BRX7,36,0,0,12,0,0,146,36
Q9BTC0,DIDO1,Q9BTC0,28,0,0,0,0,0,2240,28
Q9BTC8,MTA3,Q9BTC8,4,0,0,0,0,0,594,6
Q9BTC8,MTA3,Q9BTC8-2,2,0,0,0,0,0,515,6
Q9BVI0,PHF20,Q9BVI0,6,0,0,0,0,0,1012,6
Q9BWX1,PHF7,Q9BWX1,6,0,0,0,0,0,381,10
Q9BWX1,PHF7,Q9BWX1-2,4,0,0,0,0,0,342,10
Q9BXF3,CECR2,Q9BXF3,15,0,0,0,0,0,1484,25
Q9BXF3,CECR2,Q9BXF3-3,10,0,0,0,0,0,1464,25
Q9BXT4,TDRD1,Q9BXT4,5,0,0,0,0,0,1180,8
Q9BXT4,TDRD1,Q9BXT4-2,1,0,0,0,0,0,1066,8
Q9BXT4,TDRD1,Q9BXT4-3,2,0,0,0,0,0,1189,8
Q9BXT8,RNF17,Q9BXT8,17,0,0,0,0,0,1623,22
Q9BXT8,RNF17,Q9BXT8-1,5,0,0,0,0,0,653,22
Q9BY41,HDAC8,Q9BY41,634,70,61,143,117,144,377,1068
Q9BY41,HDAC8,Q9BY41-4,109,7,6,20,30,30,286,1068
Q9BY41,HDAC8,Q9BY41-5,99,10,9,19,15,19,256,1068
Q9BY41,HDAC8,Q9BY41-6,52,5,5,12,6,5,139,1068
Q9BY41,HDAC8,Q9BY41-7,58,8,7,13,3,8,158,1068
Q9BY41,HDAC8,Q9BY41-8,116,16,14,26,6,16,146,1068
Q9BYW2,SETD2,Q9BYW2,1107,182,120,338,13,18,2564,1107
Q9C0A6,SETD5,Q9C0A6,1203,107,107,199,44,44,1442,1446
Q9C0A6,SETD5,Q9C0A6-3,243,25,25,55,12,12,1344,1446
Q9C0F0,ASXL3,Q9C0F0,360,50,43,34,4,3,2248,360
Q9H0E9,BRD8,Q9H0E9,6,0,0,0,0,0,1235,6
Q9H3R0,KDM4C,Q9H3R0,13,0,0,4,0,0,1056,21
Q9H3R0,KDM4C,Q9H3R0-2,2,0,0,0,0,0,1047,21
Q9H3R0,KDM4C,Q9H3R0-3,4,0,0,1,0,0,813,21
Q9H3R0,KDM4C,Q9H3R0-4,2,0,0,1,0,0,835,21
Q9H4Q3,PRDM13,Q9H4Q3,359,0,0,37,0,0,707,359
Q9H4Q4,PRDM12,Q9H4Q4,151,10,7,79,6,7,367,151
Q9H7Z6,KAT8,Q9H7Z6,101,0,0,6,11,23,458,134
Q9H7Z6,KAT8,Q9H7Z6-2,33,0,0,2,3,7,467,134
Q9H9B1,EHMT1,Q9H9B1-2,47,0,0,0,0,0,66,4154
Q9H9B1,EHMT1,Q9H9B1-4,985,308,243,295,4,4,808,4154
Q9H9B1,EHMT1,Q9H9B1,3122,1196,965,1141,26,28,1298,4154
Q9HAZ2,PRDM16,Q9HAZ2,2419,203,182,1129,6,18,1276,3423
Q9HAZ2,PRDM16,Q9HAZ2-2,1004,68,61,376,2,6,1257,3423
Q9HB58,SP110,Q9HB58,1529,146,105,707,5,10,689,2354
Q9HB58,SP110,Q9HB58-3,245,22,15,107,1,2,549,2354
Q9HB58,SP110,Q9HB58-6,335,30,21,153,1,2,713,2354
Q9HB58,SP110,Q9HB58-7,245,22,15,107,1,2,555,2354
Q9HBD4,SMARCA4,Q9HBD4,12786,2218,2150,9144,284,322,1679,12786
Q9HCK8,CHD8,Q9HCK8,2870,354,326,628,101,125,2581,3778
Q9HCK8,CHD8,Q9HCK8-2,908,78,74,142,26,32,2302,3778
Q9NP73,ALG13,Q9NP73,2038,412,368,932,36,39,1137,3080
Q9NP73,ALG13,Q9NP73-2,87,9,9,26,6,7,165,3080
Q9NP73,ALG13,Q9NP73-3,371,97,86,221,6,6,1059,3080
Q9NP73,ALG13,Q9NP73-4,584,94,83,203,4,4,954,3080
Q9NQC1,JADE2,Q9NQC1,3,0,0,0,0,0,790,4
Q9NQC1,JADE2,Q9NQC1-3,1,0,0,0,0,0,562,4
Q9NQV6,PRDM10,Q9NQV6,49,0,0,0,0,0,1147,93
Q9NQV6,PRDM10,Q9NQV6-1,8,0,0,0,0,0,1061,93
Q9NQV6,PRDM10,Q9NQV6-2,8,0,0,0,0,0,1023,93
Q9NQV6,PRDM10,Q9NQV6-4,10,0,0,0,0,0,1156,93
Q9NQV6,PRDM10,Q9NQV6-5,8,0,0,0,0,0,1074,93
Q9NQV6,PRDM10,Q9NQV6-7,10,0,0,0,0,0,1160,93
Q9NQV7,PRDM9,Q9NQV7,22,0,0,0,0,4,894,22
Q9NQV8,PRDM8,Q9NQV8,1155,18,6,600,3,3,689,1155
Q9NQX0,PRDM6,Q9NQX0,17,0,0,6,4,6,595,17
Q9NQX1,PRDM5,Q9NQX1,539,59,53,132,30,38,630,873
Q9NQX1,PRDM5,Q9NQX1-2,168,17,15,37,8,10,599,873
Q9NQX1,PRDM5,Q9NQX1-3,12,0,0,2,2,3,111,873
Q9NQX1,PRDM5,Q9NQX1-4,154,17,15,35,8,10,501,873
Q9NR48,ASH1L,Q9NR48,1430,84,66,313,6,18,2969,2526
Q9NR48,ASH1L,Q9NR48-2,1096,56,44,212,4,12,2964,2526
Q9NRL2,BAZ1A,Q9NRL2,14,0,0,0,0,5,1556,18
Q9NRL2,BAZ1A,Q9NRL2-2,4,0,0,0,0,1,1524,18
Q9NSI6,BRWD1,Q9NSI6,53,0,0,13,9,15,2320,81
Q9NSI6,BRWD1,Q9NSI6-2,18,0,0,4,3,5,2269,81
Q9NSI6,BRWD1,Q9NSI6-3,8,0,0,0,0,0,2199,81
Q9NSI6,BRWD1,Q9NSI6-4,2,0,0,1,0,0,120,81
Q9NTG7,SIRT3,Q9NTG7,6,0,0,0,0,0,399,8
Q9NTG7,SIRT3,Q9NTG7-2,2,0,0,0,0,0,257,8
Q9NXA8,SIRT5,Q9NXA8,0,0,0,0,0,0,310,4
Q9NXA8,SIRT5,Q9NXA8-2,4,0,0,0,0,0,299,4
Q9P1Y6,PHRF1,Q9P1Y6,21,0,0,3,0,0,1649,33
Q9P1Y6,PHRF1,Q9P1Y6-2,4,0,0,0,0,0,1494,33
Q9P1Y6,PHRF1,Q9P1Y6-3,8,0,0,1,0,0,1648,33
Q9P267,MBD5,Q9P267,2279,577,545,916,20,26,1494,2592
Q9P267,MBD5,Q9P267-2,313,0,0,0,0,0,851,2592
Q9P2D1,CHD7,Q9P2D1,4857,1579,1120,2195,161,215,2997,6124
Q9P2D1,CHD7,Q9P2D1-2,365,0,0,0,0,0,1138,6124
Q9P2D1,CHD7,Q9P2D1-4,902,266,179,326,8,9,948,6124
Q9P2R6,RERE,Q9P2R6,1364,90,84,368,42,84,1566,1880
Q9P2R6,RERE,Q9P2R6-2,516,26,24,106,14,28,1012,1880
Q9UBC3,DNMT3B,Q9UBC3,2486,145,127,1275,126,157,853,4366
Q9UBC3,DNMT3B,Q9UBC3-6,412,23,20,198,20,26,845,4366
Q9UBC3,DNMT3B,Q9UBC3-7,327,20,18,155,18,21,694,4366
Q9UBC3,DNMT3B,Q9UBC3-2,412,23,20,198,20,26,833,4366
Q9UBC3,DNMT3B,Q9UBC3-8,348,20,18,166,18,21,728,4366
Q9UBC3,DNMT3B,Q9UBC3-3,381,21,18,182,18,21,770,4366
Q9UBN7,HDAC6,Q9UBN7,369,63,63,72,0,0,1215,369
Q9UGL1,KDM5B,Q9UGL1,165,3,3,36,0,3,1544,241
Q9UGL1,KDM5B,Q9UGL1-2,76,1,1,12,0,1,1580,241
Q9UGU0,TCF20,Q9UGU0,1470,143,117,380,13,13,1960,1906
Q9UGU0,TCF20,Q9UGU0-2,436,33,27,90,3,3,1938,1906
Q9UHJ3,SFMBT1,Q9UHJ3,4,0,0,0,0,0,866,4
Q9UIF8,BAZ2B,Q9UIF8,51,3,3,9,0,6,2168,74
Q9UIF8,BAZ2B,Q9UIF8-5,23,1,1,3,0,2,2132,74
Q9UIG0,BAZ1B,Q9UIG0,28,0,0,4,0,0,1483,28
Q9UIS9,MBD1,Q9UIS9,51,19,0,19,0,0,605,90
Q9UIS9,MBD1,Q9UIS9-10,3,1,0,1,0,0,567,90
Q9UIS9,MBD1,Q9UIS9-11,3,1,0,1,0,0,535,90
Q9UIS9,MBD1,Q9UIS9-12,3,1,0,1,0,0,655,90
Q9UIS9,MBD1,Q9UIS9-2,6,2,0,2,0,0,586,90
Q9UIS9,MBD1,Q9UIS9-4,3,1,0,1,0,0,503,90
Q9UIS9,MBD1,Q9UIS9-5,3,1,0,1,0,0,556,90
Q9UIS9,MBD1,Q9UIS9-6,3,1,0,1,0,0,550,90
Q9UIS9,MBD1,Q9UIS9-7,6,2,0,2,0,0,549,90
Q9UIS9,MBD1,Q9UIS9-8,3,1,0,1,0,0,536,90
Q9UIS9,MBD1,Q9UIS9-9,6,2,0,2,0,0,630,90
Q9UK53,ING1,Q9UK53,0,0,0,0,0,0,422,21
Q9UK53,ING1,Q9UK53-2,6,0,0,0,0,3,279,21
Q9UK53,ING1,Q9UK53-3,6,0,0,0,0,3,210,21
Q9UK53,ING1,Q9UK53-4,6,0,0,0,0,3,235,21
Q9UK53,ING1,Q9UK53-5,3,0,0,0,0,3,262,21
Q9UKV0,HDAC9,Q9UKV0,48,0,0,0,0,0,1011,90
Q9UKV0,HDAC9,Q9UKV0-10,2,0,0,0,0,0,562,90
Q9UKV0,HDAC9,Q9UKV0-11,2,0,0,0,0,0,513,90
Q9UKV0,HDAC9,Q9UKV0-3,2,0,0,0,0,0,590,90
Q9UKV0,HDAC9,Q9UKV0-5,8,0,0,0,0,0,1066,90
Q9UKV0,HDAC9,Q9UKV0-6,8,0,0,0,0,0,1025,90
Q9UKV0,HDAC9,Q9UKV0-7,16,0,0,0,0,0,1069,90
Q9UKV0,HDAC9,Q9UKV0-8,2,0,0,0,0,0,588,90
Q9UKV0,HDAC9,Q9UKV0-9,2,0,0,0,0,0,546,90
Q9ULG1,INO80,Q9ULG1,27,0,0,1,4,4,1556,27
Q9ULU4,ZMYND8,Q9ULU4,60,0,0,0,0,0,1186,116
Q9ULU4,ZMYND8,Q9ULU4-10,2,0,0,0,0,0,1206,116
Q9ULU4,ZMYND8,Q9ULU4-11,8,0,0,0,0,0,1214,116
Q9ULU4,ZMYND8,Q9ULU4-12,4,0,0,0,0,0,1160,116
Q9ULU4,ZMYND8,Q9ULU4-13,4,0,0,0,0,0,1188,116
Q9ULU4,ZMYND8,Q9ULU4-14,4,0,0,0,0,0,1135,116
Q9ULU4,ZMYND8,Q9ULU4-15,2,0,0,0,0,0,1088,116
Q9ULU4,ZMYND8,Q9ULU4-16,2,0,0,0,0,0,1163,116
Q9ULU4,ZMYND8,Q9ULU4-17,4,0,0,0,0,0,1054,116
Q9ULU4,ZMYND8,Q9ULU4-18,4,0,0,0,0,0,1134,116
Q9ULU4,ZMYND8,Q9ULU4-19,4,0,0,0,0,0,1241,116
Q9ULU4,ZMYND8,Q9ULU4-20,4,0,0,0,0,0,1186,116
Q9ULU4,ZMYND8,Q9ULU4-23,2,0,0,0,0,0,1105,116
Q9ULU4,ZMYND8,Q9ULU4-5,2,0,0,0,0,0,1181,116
Q9ULU4,ZMYND8,Q9ULU4-7,4,0,0,0,0,0,1234,116
Q9ULU4,ZMYND8,Q9ULU4-8,2,0,0,0,0,0,1107,116
Q9ULU4,ZMYND8,Q9ULU4-9,4,0,0,0,0,0,1168,116
Q9UMN6,KMT2B,Q9UMN6,558,78,75,84,17,19,2715,558
Q9UNL4,ING4,Q9UNL4,13,0,0,7,0,0,249,23
Q9UNL4,ING4,Q9UNL4-2,2,0,0,1,0,0,248,23
Q9UNL4,ING4,Q9UNL4-3,2,0,0,1,0,0,225,23
Q9UNL4,ING4,Q9UNL4-4,2,0,0,1,0,0,245,23
Q9UNL4,ING4,Q9UNL4-5,2,0,0,1,0,0,246,23
Q9UNL4,ING4,Q9UNL4-8,2,0,0,1,0,0,179,23
Q9UPP1,PHF8,Q9UPP1,334,30,30,67,4,4,1060,549
Q9UPP1,PHF8,Q9UPP1-2,96,7,7,16,1,1,1024,549
Q9UPP1,PHF8,Q9UPP1-4,48,7,7,14,1,1,948,549
Q9UPP1,PHF8,Q9UPP1-5,71,3,3,11,1,1,878,549
Q9UPS6,SETD1B,Q9UPS6,339,8,8,86,30,34,1966,390
Q9UPS6,SETD1B,Q9UPS6-2,51,0,0,0,0,0,1923,390
Q9UQL6,HDAC5,Q9UQL6,35,0,0,0,0,0,1122,50
Q9UQL6,HDAC5,Q9UQL6-2,5,0,0,0,0,0,1037,50
Q9UQL6,HDAC5,Q9UQL6-3,10,0,0,0,0,0,1123,50
Q9Y242,TCF19,Q9Y242,63,0,0,14,0,0,345,63
Q9Y2W6,TDRKH,Q9Y2W6,19,0,0,9,9,9,561,22
Q9Y2W6,TDRKH,Q9Y2W6-3,3,0,0,1,1,1,516,22
Q9Y468,L3MBTL1,Q9Y468,7,0,0,0,0,0,840,12
Q9Y468,L3MBTL1,Q9Y468-1,2,0,0,0,0,0,772,12
Q9Y468,L3MBTL1,Q9Y468-2,1,0,0,0,0,0,738,12
Q9Y468,L3MBTL1,Q9Y468-4,2,0,0,0,0,0,752,12
Q9Y6E7,SIRT4,Q9Y6E7,2,0,0,0,0,0,314,2
Q9Y6K1,DNMT3A,Q9Y6K1,1014,33,30,284,250,274,912,1327
Q9Y6K1,DNMT3A,Q9Y6K1-3,59,7,6,15,1,1,166,1327
Q9Y6K1,DNMT3A,Q9Y6K1-2,254,4,4,65,61,67,723,1327
Q9Y6X9,MORC2,Q9Y6X9,1230,83,83,584,104,101,1032,1804
Q9Y6X9,MORC2,Q9Y6X9-2,574,36,36,266,38,37,970,1804
R4GMP9,KDM1A,R4GMP9,10,0,0,0,0,0,301,10
R4GMQ1,KDM1A,R4GMQ1,69,1,1,9,5,5,858,69
R4GN45,KDM5B,R4GN45,4,0,0,0,0,0,77,4
S4R363,KMT2E,S4R363,18,0,0,0,0,0,733,18
S4R3G4,KDM2B,S4R3G4,1,0,0,0,0,0,507,1
U3KQA6,BRD2,U3KQA6,3,0,0,0,0,0,552,3
U3KQL6,PRDM16,U3KQL6,19,0,0,0,0,0,53,19
