# File's name is enrichment_filtered_with_gene_total_variant_count.txt

Gene,Gene_Name,Identifier,Variation.count,Benign,Likely.benign,VUS,Likely.pathogenic,Pathogenic,seq_len,Gene_Total_Count
A2RUC4,TYW5,A2RUC4,0,0,0,0,0,0,315,0
A2RUC4,TYW5,A2RUC4-2,0,0,0,0,0,0,152,0
O00257,CBX4,O00257,0,0,0,0,0,0,560,0
O00257,CBX4,O00257-3,0,0,0,0,0,0,290,0
O14607,UTY,O14607,0,0,0,0,0,0,1347,0
O14607,UTY,O14607-2,0,0,0,0,0,0,1079,0
O14607,UTY,O14607-3,0,0,0,0,0,0,1240,0
O14607,UTY,O14607-4,0,0,0,0,0,0,1392,0
O14607,UTY,O14607-5,0,0,0,0,0,0,1211,0
O14646,CHD1,O14646,2,0,0,2,0,0,1710,2
O14646,CHD1,O14646-2,0,0,0,0,0,0,1709,2
O14647,CHD2,O14647,524,163,154,421,36,48,1828,1298
O14647,CHD2,O14647-2,485,0,0,0,0,0,1739,1298
O14647,CHD2,O14647-3,289,44,42,104,0,2,501,1298
O14686,KMT2D,O14686,1366,925,536,895,85,103,5537,2637
O14686,KMT2D,O14686-3,1271,3,1,15,12,16,5540,2637
O14981,TAF1,O14981,0,0,0,0,0,0,1849,0
O14981,TAF1,O14981-2,0,0,0,0,0,0,677,0
O15054,KDM6B,O15054,27,13,11,18,3,3,1643,166
O15054,KDM6B,O15054-1,139,13,11,20,3,3,1682,166
O15379,HDAC3,O15379,2,0,0,0,2,2,428,2
O15379,HDAC3,O15379-2,0,0,0,0,0,0,429,2
O43151,TET3,O43151,8,0,0,6,3,3,1795,8
O43151,TET3,O43151-2,0,0,0,0,0,0,1679,8
O43151,TET3,O43151-3,0,0,0,0,0,0,862,8
O43189,PHF1,O43189,0,0,0,0,0,0,567,0
O43189,PHF1,O43189-2,0,0,0,0,0,0,457,0
O43918,AIRE,O43918,222,32,30,178,28,33,545,222
O43918,AIRE,O43918-2,0,0,0,0,0,0,338,222
O43918,AIRE,O43918-3,0,0,0,0,0,0,244,222
O43918,AIRE,O43918-4,0,0,0,0,0,0,348,222
O60341,KDM1A,O60341,2,0,0,1,1,1,852,69
O60341,KDM1A,O60341-2,67,1,1,8,4,4,876,69
O60522,TDRD6,O60522,1,1,1,0,0,0,2096,9
O60522,TDRD6,O60522-2,8,1,1,0,0,0,2066,9
O60885,BRD4,O60885,12,2,2,10,0,0,1362,64
O60885,BRD4,O60885-2,26,1,1,6,0,0,722,64
O60885,BRD4,O60885-3,26,1,1,6,0,0,794,64
O75164,KDM4A,O75164,0,0,0,0,0,0,1064,0
O75164,KDM4A,O75164-2,0,0,0,0,0,0,481,0
O75475,PSIP1,O75475,0,0,0,0,0,0,530,0
O75475,PSIP1,O75475-2,0,0,0,0,0,0,333,0
O75475,PSIP1,O75475-3,0,0,0,0,0,0,329,0
O75530,EED,O75530,2,0,0,2,0,0,441,74
O75530,EED,O75530-2,50,2,2,11,6,7,466,74
O75530,EED,O75530-3,22,0,0,0,0,0,400,74
O75626,PRDM1,O75626,0,0,0,0,0,0,825,93
O75626,PRDM1,O75626-2,54,0,0,0,0,0,789,93
O75626,PRDM1,O75626-3,39,0,0,0,0,0,691,93
O94776,MTA2,O94776-2,0,0,0,0,0,0,495,0
O94776,MTA2,O94776,0,0,0,0,0,0,668,0
O94880,PHF14,O94880,0,0,0,0,0,0,948,2
O94880,PHF14,O94880-1,2,0,0,0,0,0,888,2
O94880,PHF14,O94880-2,0,0,0,0,0,0,663,2
O94953,KDM4B,O94953,0,0,0,0,0,0,1096,15
O94953,KDM4B,O94953-2,15,0,0,1,1,2,448,15
O94983,MTA2,O94983,0,0,0,0,0,0,1202,6
O94983,MTA2,O94983-3,2,0,0,0,0,0,1197,6
O94983,MTA2,O94983-4,2,0,0,0,0,0,1201,6
O94983,MTA2,O94983-5,0,0,0,0,0,0,329,6
O94983,MTA2,O94983-2,0,0,0,0,0,0,1195,6
O94983,MTA2,O94983-6,2,0,0,0,0,0,1241,6
O95243,MBD4,O95243,3,0,0,2,1,1,580,150
O95243,MBD4,O95243-2,42,0,0,3,2,2,574,150
O95243,MBD4,O95243-3,39,0,0,3,2,2,540,150
O95243,MBD4,O95243-5,39,0,0,3,2,2,572,150
O95243,MBD4,O95243-6,27,0,0,3,2,2,262,150
O95251,KAT7,O95251,0,0,0,0,0,0,611,0
O95251,KAT7,O95251-2,0,0,0,0,0,0,501,0
O95251,KAT7,O95251-3,0,0,0,0,0,0,442,0
O95251,KAT7,O95251-4,0,0,0,0,0,0,581,0
O95251,KAT7,O95251-5,0,0,0,0,0,0,472,0
O95696,BRD1,O95696,0,0,0,0,0,0,1058,28
O95696,BRD1,O95696-2,28,0,0,0,0,0,1189,28
O95983,MBD3,O95983,0,0,0,0,0,0,291,0
O95983,MBD3,O95983-2,0,0,0,0,0,0,259,0
P00390,HR,P00390,15,4,2,10,1,1,522,184
P00390,HR,P00390-2,0,0,0,0,0,0,479,184
P00390,HR,P00390-3,56,4,2,8,1,1,493,184
P00390,HR,P00390-4,61,4,2,10,1,1,469,184
P00390,HR,P00390-5,52,4,2,8,1,1,440,184
P10912,HR,P10912,96,36,18,72,12,18,638,285
P10912,HR,P10912-4,189,18,13,39,13,17,616,285
P10912,HR,P10912-2,0,0,0,0,0,0,297,285
P10912,HR,P10912-3,0,0,0,0,0,0,294,285
P12272,HR,P12272-2,96,0,0,0,6,9,175,121
P12272,HR,P12272-3,16,0,0,0,0,0,209,121
P12272,HR,P12272,9,0,0,0,6,9,177,121
P16473,HR,P16473,0,0,0,0,0,0,764,168
P16473,HR,P16473-2,83,20,5,28,12,14,253,168
P16473,HR,P16473-3,85,20,5,28,12,14,274,168
P21675,TAF1,P21675,0,0,0,0,0,0,1893,562
P21675,TAF1,P21675-1,0,0,0,0,0,0,1872,562
P21675,TAF1,P21675-13,281,7,7,49,35,45,1852,562
P21675,TAF1,P21675-14,281,7,7,49,35,45,1873,562
P21675,TAF1,P21675-15,0,0,0,0,0,0,1820,562
P21675,TAF1,P21675-16,0,0,0,0,0,0,1853,562
P21675,TAF1,P21675-17,0,0,0,0,0,0,1895,562
P21675,TAF1,P21675-18,0,0,0,0,0,0,1856,562
P21675,TAF1,P21675-19,0,0,0,0,0,0,1822,562
P21675,TAF1,P21675-20,0,0,0,0,0,0,1824,562
P21675,TAF1,P21675-21,0,0,0,0,0,0,1613,562
P21675,TAF1,P21675-22,0,0,0,0,0,0,1858,562
P21675,TAF1,P21675-23,0,0,0,0,0,0,1549,562
P21675,TAF1,P21675-24,0,0,0,0,0,0,1561,562
P21675,TAF1,P21675-25,0,0,0,0,0,0,1927,562
P22888,HR,P22888-2,0,0,0,0,0,0,636,32
P22888,HR,P22888,32,15,11,13,12,13,699,32
P23945,HR,P23945-2,0,0,0,0,0,0,633,0
P23945,HR,P23945,0,0,0,0,0,0,695,0
P23945,HR,P23945-4,0,0,0,0,0,0,729,0
P23945,HR,P23945-3,0,0,0,0,0,0,669,0
P25440,BRD2,P25440,0,0,0,0,0,0,801,38
P25440,BRD2,P25440-2,30,0,0,0,0,0,836,38
P25440,BRD2,P25440-3,4,0,0,0,0,0,754,38
P25440,BRD2,P25440-4,4,0,0,0,0,0,681,38
P26358,DNMT1,P26358,101,43,43,90,12,13,1616,1046
P26358,DNMT1,P26358-2,945,134,128,408,22,25,1632,1046
P26358,DNMT1,P26358-3,0,0,0,0,0,0,1280,1046
P29375,KDM5A,P29375,0,0,0,0,0,0,1690,0
P29375,KDM5A,P29375-2,0,0,0,0,0,0,1636,0
P30968,HR,P30968-2,69,0,0,7,26,32,249,94
P30968,HR,P30968,25,0,0,5,16,21,328,94
P41229,KDM5C,P41229,91,42,24,58,10,13,1560,1424
P41229,KDM5C,P41229-2,414,45,27,87,27,36,1557,1424
P41229,KDM5C,P41229-3,166,0,0,0,0,0,1516,1424
P41229,KDM5C,P41229-4,337,34,20,69,24,32,1379,1424
P41229,KDM5C,P41229-5,416,46,27,87,27,36,1559,1424
P42898,HR,P42898-2,728,78,72,246,168,172,697,1040
P42898,HR,P42898,312,68,62,214,118,128,656,1040
P46100,ATRX,P46100,101,68,55,69,16,16,2492,1611
P46100,ATRX,P46100-2,0,0,0,0,0,0,2288,1611
P46100,ATRX,P46100-3,0,0,0,0,0,0,2375,1611
P46100,ATRX,P46100-4,1510,375,282,416,65,72,2454,1611
P46100,ATRX,P46100-5,0,0,0,0,0,0,2337,1611
P46100,ATRX,P46100-6,0,0,0,0,0,0,1350,1611
P51608,MECP2,P51608,309,149,127,225,118,132,486,1770
P51608,MECP2,P51608-2,1461,357,294,510,230,251,498,1770
P51858,HDGF,P51858,0,0,0,0,0,0,240,0
P51858,HDGF,P51858-2,0,0,0,0,0,0,233,0
P51858,HDGF,P51858-3,0,0,0,0,0,0,256,0
P52701,MSH6,P52701-2,0,0,0,0,0,0,1068,19742
P52701,MSH6,P52701-4,5916,2106,1876,4856,376,481,1058,19742
P52701,MSH6,P52701,3832,1763,1545,3797,271,348,1360,19742
P52701,MSH6,P52701-3,9994,2587,2267,5751,382,517,1230,19742
P55201,BRPF1,P55201,32,8,8,20,5,7,1214,532
P55201,BRPF1,P55201-2,252,16,16,42,10,14,1220,532
P55201,BRPF1,P55201-3,126,8,8,21,5,7,1213,532
P55201,BRPF1,P55201-4,122,8,8,20,5,7,1119,532
P56524,HDAC4,P56524,25,7,7,17,6,8,1084,25
P56524,HDAC4,P56524-2,0,0,0,0,0,0,972,25
Q03164,KMT2A,Q03164,50,33,31,32,4,6,3969,1742
Q03164,KMT2A,Q03164-2,527,1,1,0,0,1,3931,1742
Q03164,KMT2A,Q03164-3,1165,44,41,88,16,24,3972,1742
Q05BQ5,MBTD1,Q05BQ5,0,0,0,0,0,0,628,0
Q05BQ5,MBTD1,Q05BQ5-2,0,0,0,0,0,0,169,0
Q05BQ5,MBTD1,Q05BQ5-3,0,0,0,0,0,0,410,0
Q06587,ING1,Q06587,0,0,0,0,0,0,406,0
Q06587,ING1,Q06587-2,0,0,0,0,0,0,377,0
Q07955,RSF1,Q07955,2,0,0,2,0,2,248,10
Q07955,RSF1,Q07955-2,0,0,0,0,0,0,292,10
Q07955,RSF1,Q07955-3,8,0,0,4,0,4,201,10
Q12830,BPTF,Q12830,0,0,0,0,0,0,3046,249
Q12830,BPTF,Q12830-2,163,1,1,20,6,6,2920,249
Q12830,BPTF,Q12830-4,86,1,1,20,6,6,2903,249
Q12849,RSF1,Q12849,0,0,0,0,0,0,480,0
Q12849,RSF1,Q12849-5,0,0,0,0,0,0,318,0
Q12873,CHD3,Q12873,36,3,3,14,26,24,2000,554
Q12873,CHD3,Q12873-2,249,3,3,37,57,54,1966,554
Q12873,CHD3,Q12873-3,269,4,4,42,57,54,2059,554
Q12912,RAG2,Q12912,0,0,0,0,0,0,555,0
Q12912,RAG2,Q12912-2,0,0,0,0,0,0,499,0
Q13029,PRDM2,Q13029,0,0,0,0,0,0,1718,18
Q13029,PRDM2,Q13029-2,3,0,0,0,0,0,1682,18
Q13029,PRDM2,Q13029-3,3,0,0,0,0,0,1517,18
Q13029,PRDM2,Q13029-4,0,0,0,0,0,0,226,18
Q13029,PRDM2,Q13029-5,12,0,0,0,0,0,1481,18
Q13330,MTA1,Q13330-3,2,0,0,0,0,0,698,3
Q13330,MTA1,Q13330,1,0,0,1,0,0,715,3
Q13330,MTA1,Q13330-2,0,0,0,0,0,0,430,3
Q13342,SP140,Q13342,0,0,0,0,0,0,867,16
Q13342,SP140,Q13342-2,0,0,0,0,0,0,412,16
Q13342,SP140,Q13342-3,6,0,0,0,0,0,753,16
Q13342,SP140,Q13342-4,0,0,0,0,0,0,172,16
Q13342,SP140,Q13342-5,4,0,0,0,0,0,840,16
Q13342,SP140,Q13342-6,6,0,0,0,0,0,807,16
Q14781,CBX2,Q14781,3,0,0,1,2,2,532,5
Q14781,CBX2,Q14781-2,2,0,0,0,0,0,211,5
Q14839,CHD4,Q14839,15,2,2,5,9,9,1912,122
Q14839,CHD4,Q14839-2,107,0,0,0,0,0,1940,122
Q149N8,SHPRH,Q149N8,0,0,0,0,0,0,1683,3
Q149N8,SHPRH,Q149N8-2,1,0,0,0,0,0,929,3
Q149N8,SHPRH,Q149N8-4,2,0,0,0,0,0,1659,3
Q149N8,SHPRH,Q149N8-5,0,0,0,0,0,0,471,3
Q15059,BRD3,Q15059,1,0,0,1,0,0,726,2
Q15059,BRD3,Q15059-2,1,0,0,0,0,0,556,2
Q15910,EZH2,Q15910,96,30,25,54,28,33,746,1334
Q15910,EZH2,Q15910-2,252,34,29,56,34,41,751,1334
Q15910,EZH2,Q15910-3,246,33,28,55,34,41,707,1334
Q15910,EZH2,Q15910-4,250,33,29,56,34,41,737,1334
Q15910,EZH2,Q15910-5,490,62,54,106,68,82,695,1334
Q3L8U1,CHD9,Q3L8U1,0,0,0,0,0,0,2897,4
Q3L8U1,CHD9,Q3L8U1-2,4,0,0,0,0,0,2881,4
Q3L8U1,CHD9,Q3L8U1-3,0,0,0,0,0,0,2882,4
Q49A26,GLYR1,Q49A26,0,0,0,0,0,0,553,10
Q49A26,GLYR1,Q49A26-2,2,0,0,0,0,0,536,10
Q49A26,GLYR1,Q49A26-3,4,0,0,0,0,0,547,10
Q49A26,GLYR1,Q49A26-4,0,0,0,0,0,0,484,10
Q49A26,GLYR1,Q49A26-5,4,0,0,0,0,0,472,10
Q4FZB7,KMT5B,Q4FZB7,36,4,4,24,8,12,885,128
Q4FZB7,KMT5B,Q4FZB7-2,78,0,0,8,8,12,393,128
Q4FZB7,KMT5B,Q4FZB7-4,14,0,0,0,0,0,278,128
Q58F21,BRDT,Q58F21,3,0,0,3,0,3,947,8
Q58F21,BRDT,Q58F21-2,0,0,0,0,0,0,960,8
Q58F21,BRDT,Q58F21-3,1,0,0,1,0,1,951,8
Q58F21,BRDT,Q58F21-4,2,0,0,1,0,1,901,8
Q58F21,BRDT,Q58F21-5,2,0,0,1,0,1,874,8
Q5T6S3,PHF19,Q5T6S3,0,0,0,0,0,0,580,0
Q5T6S3,PHF19,Q5T6S3-2,0,0,0,0,0,0,207,0
Q5T6S3,PHF19,Q5T6S3-3,0,0,0,0,0,0,130,0
Q6IE81,JADE1,Q6IE81,0,0,0,0,0,0,842,2
Q6IE81,JADE1,Q6IE81-2,2,0,0,0,0,0,830,2
Q6IE81,JADE1,Q6IE81-3,0,0,0,0,0,0,509,2
Q6N021,TET2,Q6N021,14,0,0,10,2,4,2002,140
Q6N021,TET2,Q6N021-2,93,1,1,4,1,1,1165,140
Q6N021,TET2,Q6N021-3,33,0,0,0,0,0,1194,140
Q6NYC1,JMJD6,Q6NYC1,0,0,0,0,0,0,403,0
Q6NYC1,JMJD6,Q6NYC1-2,0,0,0,0,0,0,372,0
Q6NYC1,JMJD6,Q6NYC1-3,0,0,0,0,0,0,414,0
Q6PL18,ATAD2,Q6PL18,0,0,0,0,0,0,1390,0
Q6PL18,ATAD2,Q6PL18-2,0,0,0,0,0,0,412,0
Q6RI45,BRWD3,Q6RI45,13,8,7,9,0,0,1802,13
Q6RI45,BRWD3,Q6RI45-2,0,0,0,0,0,0,1631,13
Q6RI45,BRWD3,Q6RI45-3,0,0,0,0,0,0,1398,13
Q6RI45,BRWD3,Q6RI45-4,0,0,0,0,0,0,1472,13
Q6RI45,BRWD3,Q6RI45-5,0,0,0,0,0,0,1386,13
Q6ZMT4,KDM7A,Q6ZMT4,0,0,0,0,0,0,941,0
Q6ZMT4,KDM7A,Q6ZMT4-2,0,0,0,0,0,0,809,0
Q6ZRS2,SRCAP,Q6ZRS2,117,81,81,90,3,3,3230,117
Q6ZRS2,SRCAP,Q6ZRS2-2,0,0,0,0,0,0,3168,117
Q6ZRS2,SRCAP,Q6ZRS2-3,0,0,0,0,0,0,3072,117
Q76L83,ASXL2,Q76L83,9,5,4,8,0,0,1435,64
Q76L83,ASXL2,Q76L83-2,55,0,0,0,0,0,918,64
Q7LBC6,KDM3B,Q7LBC6,10,3,3,8,0,0,1761,10
Q7LBC6,KDM3B,Q7LBC6-2,0,0,0,0,0,0,1417,10
Q7LBC6,KDM3B,Q7LBC6-3,0,0,0,0,0,0,759,10
Q7LFL8,CXXC5,Q7LFL8,0,0,0,0,0,0,322,0
Q7LFL8,CXXC5,Q7LFL8-2,0,0,0,0,0,0,227,0
Q7Z5J4,RAI1,Q7Z5J4,132,102,83,100,2,1,1906,132
Q7Z5J4,RAI1,Q7Z5J4-2,0,0,0,0,0,0,1862,132
Q7Z5J4,RAI1,Q7Z5J4-3,0,0,0,0,0,0,1640,132
Q7Z5J4,RAI1,Q7Z5J4-4,0,0,0,0,0,0,966,132
Q86TU7,SETD3,Q86TU7,0,0,0,0,0,0,594,0
Q86TU7,SETD3,Q86TU7-2,0,0,0,0,0,0,296,0
Q86TU7,SETD3,Q86TU7-3,0,0,0,0,0,0,284,0
Q86VD1,MORC1,Q86VD1,0,0,0,0,0,0,984,2
Q86VD1,MORC1,Q86VD1-2,1,0,0,0,0,0,963,2
Q86VD1,ORC1,Q86VD1-2,1,0,0,0,0,0,963,2
Q86VD1,ORC1,Q86VD1,0,0,0,0,0,0,984,2
Q86Y97,KMT5C,Q86Y97,0,0,0,0,0,0,462,0
Q86Y97,KMT5C,Q86Y97-2,0,0,0,0,0,0,97,0
Q86YB7,CHD2,Q86YB7,0,0,0,0,0,0,292,0
Q86YB7,CHD2,Q86YB7-2,0,0,0,0,0,0,261,0
Q8IWS0,PHF6,Q8IWS0,24,0,0,15,3,6,365,175
Q8IWS0,PHF6,Q8IWS0-2,77,2,2,14,11,14,312,175
Q8IWS0,PHF6,Q8IWS0-3,0,0,0,0,0,0,364,175
Q8IWS0,PHF6,Q8IWS0-4,0,0,0,0,0,0,310,175
Q8IWS0,PHF6,Q8IWS0-5,74,0,0,0,12,12,331,175
Q8IXJ9,ASXL1,Q8IXJ9,27,19,19,16,0,0,1541,27
Q8IXJ9,ASXL1,Q8IXJ9-2,0,0,0,0,0,0,479,27
Q8IZD2,KMT2E,Q8IZD2,6,1,1,6,0,0,1858,143
Q8IZD2,KMT2E,Q8IZD2-2,0,0,0,0,0,0,1778,143
Q8IZD2,KMT2E,Q8IZD2-3,26,0,0,0,0,0,609,143
Q8IZD2,KMT2E,Q8IZD2-4,22,0,0,0,0,0,865,143
Q8IZD2,KMT2E,Q8IZD2-5,0,0,0,0,0,0,1653,143
Q8IZD2,KMT2E,Q8IZD2-6,0,0,0,0,0,0,1621,143
Q8IZD2,KMT2E,Q8IZD2-7,57,0,0,0,0,0,1816,143
Q8IZD2,KMT2E,Q8IZD2-8,32,0,0,0,0,0,1168,143
Q8N371,KDM8,Q8N371,0,0,0,0,0,0,416,6
Q8N371,KDM8,Q8N371-2,2,0,0,0,0,0,220,6
Q8N371,KDM8,Q8N371-3,4,0,0,1,0,0,454,6
Q8NAT2,TDRD5,Q8NAT2,0,0,0,0,0,0,981,4
Q8NAT2,TDRD5,Q8NAT2-1,4,0,0,0,0,0,1035,4
Q8NB78,KDM1B,Q8NB78,0,0,0,0,0,0,822,2
Q8NB78,KDM1B,Q8NB78-2,2,0,0,0,0,0,590,2
Q8NB78,KDM1B,Q8NB78-4,0,0,0,0,0,0,175,2
Q8NDG6,TDRD9,Q8NDG6,3,0,0,3,0,0,1382,3
Q8NDG6,TDRD9,Q8NDG6-2,0,0,0,0,0,0,1191,3
Q8NE22,SETD9,Q8NE22,0,0,0,0,0,0,299,0
Q8NE22,SETD9,Q8NE22-2,0,0,0,0,0,0,271,0
Q8NEZ4,KMT2C,Q8NEZ4,109,48,42,82,7,9,4911,504
Q8NEZ4,KMT2C,Q8NEZ4-2,0,0,0,0,0,0,4964,504
Q8NEZ4,KMT2C,Q8NEZ4-3,395,0,0,0,0,0,4968,504
Q8NFU7,TET1,Q8NFU7,0,0,0,0,0,0,2136,0
Q8NFU7,TET1,Q8NFU7-2,0,0,0,0,0,0,1465,0
Q8NFU7,TET1,Q8NFU7-3,0,0,0,0,0,0,1305,0
Q8NFU7,TET1,Q8NFU7-4,0,0,0,0,0,0,694,0
Q8NHM5,KDM2B,Q8NHM5,2,2,2,0,2,2,1336,8
Q8NHM5,KDM2B,Q8NHM5-2,0,0,0,0,0,0,1306,8
Q8NHM5,KDM2B,Q8NHM5-3,0,0,0,0,0,0,1326,8
Q8NHM5,KDM2B,Q8NHM5-4,5,2,2,0,2,2,1265,8
Q8NHM5,KDM2B,Q8NHM5-5,1,0,0,0,0,0,559,8
Q8NHU6,TDRD7,Q8NHU6,52,4,2,47,1,1,1098,107
Q8NHU6,TDRD7,Q8NHU6-2,55,4,2,45,1,1,1024,107
Q8NHU6,TDRD7,Q8NHU6-3,0,0,0,0,0,0,418,107
Q8TBE0,BAHD1,Q8TBE0,0,0,0,0,0,0,780,3
Q8TBE0,BAHD1,Q8TBE0-2,2,0,0,0,0,0,779,3
Q8TBE0,BAHD1,Q8TBE0-3,1,0,0,0,0,0,777,3
Q8TBK2,SETD6,Q8TBK2,0,0,0,0,0,0,473,0
Q8TBK2,SETD6,Q8TBK2-2,0,0,0,0,0,0,449,0
Q8TD26,CHD6,Q8TD26,1,0,0,1,0,0,2715,2
Q8TD26,CHD6,Q8TD26-2,1,0,0,0,0,0,373,2
Q8TD26,CHD6,Q8TD26-3,0,0,0,0,0,0,822,2
Q8TE76,MORC4,Q8TE76,0,0,0,0,0,0,937,2
Q8TE76,MORC4,Q8TE76-3,2,0,0,0,0,0,900,2
Q8TE76,MORC4,Q8TE76-2,0,0,0,0,0,0,648,2
Q8WUB8,PHF10,Q8WUB8,0,0,0,0,0,0,498,0
Q8WUB8,PHF10,Q8WUB8-2,0,0,0,0,0,0,496,0
Q8WUB8,PHF10,Q8WUB8-3,0,0,0,0,0,0,451,0
Q8WUI4,HDAC7,Q8WUI4,0,0,0,0,0,0,952,12
Q8WUI4,HDAC7,Q8WUI4-10,0,0,0,0,0,0,614,12
Q8WUI4,HDAC7,Q8WUI4-2,0,0,0,0,0,0,480,12
Q8WUI4,HDAC7,Q8WUI4-3,0,0,0,0,0,0,915,12
Q8WUI4,HDAC7,Q8WUI4-4,0,0,0,0,0,0,922,12
Q8WUI4,HDAC7,Q8WUI4-5,4,0,0,0,0,0,991,12
Q8WUI4,HDAC7,Q8WUI4-6,4,0,0,0,0,0,974,12
Q8WUI4,HDAC7,Q8WUI4-7,4,0,0,0,0,0,954,12
Q8WUI4,HDAC7,Q8WUI4-8,0,0,0,0,0,0,1014,12
Q8WUI4,HDAC7,Q8WUI4-9,0,0,0,0,0,0,425,12
Q8WY21,ORC1,Q8WY21,0,0,0,0,0,0,1168,8
Q8WY21,ORC1,Q8WY21-2,3,0,0,1,0,0,1198,8
Q8WY21,ORC1,Q8WY21-3,3,0,0,1,0,0,1179,8
Q8WY21,ORC1,Q8WY21-4,2,0,0,0,0,0,1159,8
Q8WYB5,KAT6B,Q8WYB5,1476,816,678,1068,42,42,2073,6412
Q8WYB5,KAT6B,Q8WYB5-2,1724,458,374,636,28,28,1890,6412
Q8WYB5,KAT6B,Q8WYB5-3,3212,900,732,1168,48,48,1781,6412
Q8WYH8,ING5,Q8WYH8,0,0,0,0,0,0,240,0
Q8WYH8,ING5,Q8WYH8-2,0,0,0,0,0,0,226,0
Q92576,PHF3,Q92576,2,0,0,2,0,0,2039,8
Q92576,PHF3,Q92576-2,6,0,0,1,0,0,1951,8
Q92667,AKAP1,Q92667,5,0,0,5,0,0,903,19
Q92667,AKAP1,Q92667-2,14,0,0,0,0,0,593,19
Q92769,HDAC2,Q92769,1,0,0,1,0,0,488,5
Q92769,HDAC2,Q92769-3,4,0,0,0,0,0,458,5
Q92782,DPF1,Q92782,0,0,0,0,0,0,387,0
Q92782,DPF1,Q92782-1,0,0,0,0,0,0,353,0
Q92782,DPF1,Q92782-3,0,0,0,0,0,0,332,0
Q92784,DPF3,Q92784,0,0,0,0,0,0,378,0
Q92784,DPF3,Q92784-2,0,0,0,0,0,0,357,0
Q92784,DPF3,Q92784-3,0,0,0,0,0,0,412,0
Q92784,DPF3,Q92784-4,0,0,0,0,0,0,195,0
Q92784,DPF3,Q92784-5,0,0,0,0,0,0,367,0
Q92800,EZH1,Q92800,0,0,0,0,0,0,747,10
Q92800,EZH1,Q92800-2,3,0,0,1,1,1,753,10
Q92800,EZH1,Q92800-3,5,0,0,1,1,1,707,10
Q92800,EZH1,Q92800-4,2,0,0,0,0,0,677,10
Q92800,EZH1,Q92800-5,0,0,0,0,0,0,608,10
Q92830,KAT2A,Q92830,0,0,0,0,0,0,837,0
Q92830,KAT2A,Q92830-2,0,0,0,0,0,0,427,0
Q92993,KAT5,Q92993,5,0,0,1,3,3,513,49
Q92993,KAT5,Q92993-2,14,0,0,2,3,3,461,49
Q92993,KAT5,Q92993-3,16,0,0,2,3,3,546,49
Q92993,KAT5,Q92993-4,14,0,0,2,3,3,494,49
Q96D31,RAI1,Q96D31,0,0,0,0,0,0,301,0
Q96D31,RAI1,Q96D31-2,0,0,0,0,0,0,231,0
Q96DC8,CHD3,Q96DC8,0,0,0,0,0,0,303,0
Q96DC8,CHD3,Q96DC8-2,0,0,0,0,0,0,172,0
Q96GD3,SCMH1,Q96GD3,0,0,0,0,0,0,660,0
Q96GD3,SCMH1,Q96GD3-2,0,0,0,0,0,0,648,0
Q96GD3,SCMH1,Q96GD3-3,0,0,0,0,0,0,599,0
Q96GD3,SCMH1,Q96GD3-4,0,0,0,0,0,0,591,0
Q96GD3,SCMH1,Q96GD3-5,0,0,0,0,0,0,577,0
Q96GD3,SCMH1,Q96GD3-6,0,0,0,0,0,0,480,0
Q96K21,HR,Q96K21,1,0,0,0,1,1,471,3
Q96K21,HR,Q96K21-2,0,0,0,0,0,0,461,3
Q96K21,HR,Q96K21-3,2,0,0,0,1,1,403,3
Q96K21,HR,Q96K21-4,0,0,0,0,0,0,296,3
Q96KQ7,EHMT2,Q96KQ7,0,0,0,0,0,0,1210,5
Q96KQ7,EHMT2,Q96KQ7-2,5,0,0,0,0,0,1176,5
Q96KQ7,EHMT2,Q96KQ7-3,0,0,0,0,0,0,202,5
Q96L73,NSD1,Q96L73,481,181,154,301,74,104,2696,996
Q96L73,NSD1,Q96L73-3,515,1,1,16,31,40,2593,996
Q96L73,NSD1,Q96L73-2,0,0,0,0,0,0,2427,996
Q96L91,EP400,Q96L91,0,0,0,0,0,0,3159,34
Q96L91,EP400,Q96L91-2,34,1,1,1,0,0,3123,34
Q96L91,EP400,Q96L91-3,0,0,0,0,0,0,3086,34
Q96L91,EP400,Q96L91-4,0,0,0,0,0,0,3042,34
Q96L91,EP400,Q96L91-5,0,0,0,0,0,0,3122,34
Q96PU4,UHRF2,Q96PU4,0,0,0,0,0,0,802,0
Q96PU4,UHRF2,Q96PU4-2,0,0,0,0,0,0,503,0
Q96QT6,PHF12,Q96QT6,1,1,1,0,0,0,1004,9
Q96QT6,PHF12,Q96QT6-2,4,0,0,0,0,0,704,9
Q96QT6,PHF12,Q96QT6-3,0,0,0,0,0,0,849,9
Q96QT6,PHF12,Q96QT6-4,0,0,0,0,0,0,590,9
Q96QT6,PHF12,Q96QT6-5,4,0,0,0,0,0,849,9
Q96S16,JMJD8,Q96S16,0,0,0,0,0,0,264,0
Q96S16,JMJD8,Q96S16-2,0,0,0,0,0,0,234,0
Q96T23,RSF1,Q96T23,0,0,0,0,0,0,1441,0
Q96T23,RSF1,Q96T23-2,0,0,0,0,0,0,1410,0
Q96T23,RSF1,Q96T23-3,0,0,0,0,0,0,1189,0
Q96T88,UHRF1,Q96T88,0,0,0,0,0,0,793,0
Q96T88,UHRF1,Q96T88-2,0,0,0,0,0,0,806,0
Q99496,ING2,Q99496,0,0,0,0,0,0,336,3
Q99496,ING2,Q99496-2,3,0,0,0,0,0,264,3
Q9BTC0,DIDO1,Q9BTC0,0,0,0,0,0,0,2240,0
Q9BTC0,DIDO1,Q9BTC0-1,0,0,0,0,0,0,1189,0
Q9BTC0,DIDO1,Q9BTC0-2,0,0,0,0,0,0,544,0
Q9BTC0,DIDO1,Q9BTC0-3,0,0,0,0,0,0,562,0
Q9BTC8,MTA3,Q9BTC8,0,0,0,0,0,0,594,2
Q9BTC8,MTA3,Q9BTC8-2,2,0,0,0,0,0,515,2
Q9BU76,MTA2,Q9BU76,0,0,0,0,0,0,263,0
Q9BU76,MTA2,Q9BU76-4,0,0,0,0,0,0,189,0
Q9BU76,MTA2,Q9BU76-2,0,0,0,0,0,0,141,0
Q9BU76,MTA2,Q9BU76-3,0,0,0,0,0,0,155,0
Q9BUL5,PHF23,Q9BUL5,0,0,0,0,0,0,403,0
Q9BUL5,PHF23,Q9BUL5-2,0,0,0,0,0,0,158,0
Q9BUL5,PHF23,Q9BUL5-3,0,0,0,0,0,0,336,0
Q9BUL5,PHF23,Q9BUL5-4,0,0,0,0,0,0,399,0
Q9BVI0,PHF20,Q9BVI0,0,0,0,0,0,0,1012,0
Q9BVI0,PHF20,Q9BVI0-2,0,0,0,0,0,0,272,0
Q9BWX1,PHF7,Q9BWX1,0,0,0,0,0,0,381,4
Q9BWX1,PHF7,Q9BWX1-2,4,0,0,0,0,0,342,4
Q9BXF3,CECR2,Q9BXF3,0,0,0,0,0,0,1484,10
Q9BXF3,CECR2,Q9BXF3-2,0,0,0,0,0,0,498,10
Q9BXF3,CECR2,Q9BXF3-3,10,0,0,0,0,0,1464,10
Q9BXT4,TDRD1,Q9BXT4,0,0,0,0,0,0,1180,3
Q9BXT4,TDRD1,Q9BXT4-2,1,0,0,0,0,0,1066,3
Q9BXT4,TDRD1,Q9BXT4-3,2,0,0,0,0,0,1189,3
Q9BXT4,TDRD1,Q9BXT4-4,0,0,0,0,0,0,708,3
Q9BXT8,RNF17,Q9BXT8,0,0,0,0,0,0,1623,5
Q9BXT8,RNF17,Q9BXT8-1,5,0,0,0,0,0,653,5
Q9BXT8,RNF17,Q9BXT8-2,0,0,0,0,0,0,449,5
Q9BXT8,RNF17,Q9BXT8-4,0,0,0,0,0,0,1581,5
Q9BXT8,RNF17,Q9BXT8-5,0,0,0,0,0,0,1617,5
Q9BXU1,STK31,Q9BXU1,0,0,0,0,0,0,1019,0
Q9BXU1,STK31,Q9BXU1-2,0,0,0,0,0,0,996,0
Q9BXU1,STK31,Q9BXU1-3,0,0,0,0,0,0,996,0
Q9BY41,HDAC8,Q9BY41,55,12,10,26,24,28,377,489
Q9BY41,HDAC8,Q9BY41-4,109,7,6,20,30,30,286,489
Q9BY41,HDAC8,Q9BY41-5,99,10,9,19,15,19,256,489
Q9BY41,HDAC8,Q9BY41-6,52,5,5,12,6,5,139,489
Q9BY41,HDAC8,Q9BY41-7,58,8,7,13,3,8,158,489
Q9BY41,HDAC8,Q9BY41-8,116,16,14,26,6,16,146,489
Q9BY66,KDM5D,Q9BY66,0,0,0,0,0,0,1539,0
Q9BY66,KDM5D,Q9BY66-2,0,0,0,0,0,0,1482,0
Q9BY66,KDM5D,Q9BY66-3,0,0,0,0,0,0,1570,0
Q9BYW2,SETD2,Q9BYW2,36,18,16,27,3,4,2564,36
Q9BYW2,SETD2,Q9BYW2-2,0,0,0,0,0,0,1714,36
Q9BYW2,SETD2,Q9BYW2-3,0,0,0,0,0,0,1572,36
Q9C0A6,SETD5,Q9C0A6,42,30,30,28,8,8,1442,285
Q9C0A6,SETD5,Q9C0A6-2,0,0,0,0,0,0,1331,285
Q9C0A6,SETD5,Q9C0A6-3,243,25,25,55,12,12,1344,285
Q9C0F0,ASXL3,Q9C0F0,19,16,15,7,0,0,2248,19
Q9C0F0,ASXL3,Q9C0F0-2,0,0,0,0,0,0,317,19
Q9H0E9,BRD8,Q9H0E9,0,0,0,0,0,0,1235,0
Q9H0E9,BRD8,Q9H0E9-2,0,0,0,0,0,0,951,0
Q9H0E9,BRD8,Q9H0E9-3,0,0,0,0,0,0,757,0
Q9H0E9,BRD8,Q9H0E9-4,0,0,0,0,0,0,866,0
Q9H160,ING2,Q9H160,0,0,0,0,0,0,280,0
Q9H160,ING2,Q9H160-2,0,0,0,0,0,0,240,0
Q9H3R0,KDM4C,Q9H3R0,1,0,0,1,0,0,1056,9
Q9H3R0,KDM4C,Q9H3R0-2,2,0,0,0,0,0,1047,9
Q9H3R0,KDM4C,Q9H3R0-3,4,0,0,1,0,0,813,9
Q9H3R0,KDM4C,Q9H3R0-4,2,0,0,1,0,0,835,9
Q9H7B4,SMYD3,Q9H7B4,0,0,0,0,0,0,428,0
Q9H7B4,SMYD3,Q9H7B4-2,0,0,0,0,0,0,258,0
Q9H7B4,SMYD3,Q9H7B4-3,0,0,0,0,0,0,369,0
Q9H7E2,TDRD3,Q9H7E2,0,0,0,0,0,0,651,0
Q9H7E2,TDRD3,Q9H7E2-2,0,0,0,0,0,0,650,0
Q9H7E2,TDRD3,Q9H7E2-3,0,0,0,0,0,0,744,0
Q9H7Z6,KAT8,Q9H7Z6,2,0,0,0,2,2,458,35
Q9H7Z6,KAT8,Q9H7Z6-2,33,0,0,2,3,7,467,35
Q9H8M2,BRD9,Q9H8M2,0,0,0,0,0,0,597,0
Q9H8M2,BRD9,Q9H8M2-1,0,0,0,0,0,0,501,0
Q9H8M2,BRD9,Q9H8M2-2,0,0,0,0,0,0,206,0
Q9H8M2,BRD9,Q9H8M2-3,0,0,0,0,0,0,481,0
Q9H8M2,BRD9,Q9H8M2-4,0,0,0,0,0,0,233,0
Q9H8M2,BRD9,Q9H8M2-6,0,0,0,0,0,0,544,0
Q9H9B1,EHMT1,Q9H9B1,642,442,359,420,11,12,1298,1674
Q9H9B1,EHMT1,Q9H9B1-2,47,0,0,0,0,0,66,1674
Q9H9B1,EHMT1,Q9H9B1-3,0,0,0,0,0,0,1184,1674
Q9H9B1,EHMT1,Q9H9B1-4,985,308,243,295,4,4,808,1674
Q9H9V9,JMJD4,Q9H9V9,0,0,0,0,0,0,417,0
Q9H9V9,JMJD4,Q9H9V9-1,0,0,0,0,0,0,463,0
Q9H9V9,JMJD4,Q9H9V9-2,0,0,0,0,0,0,401,0
Q9HB58,SP110,Q9HB58,34,12,12,34,0,0,689,859
Q9HB58,SP110,Q9HB58-2,0,0,0,0,0,0,408,859
Q9HB58,SP110,Q9HB58-3,245,22,15,107,1,2,549,859
Q9HB58,SP110,Q9HB58-4,0,0,0,0,0,0,248,859
Q9HB58,SP110,Q9HB58-5,0,0,0,0,0,0,547,859
Q9HB58,SP110,Q9HB58-6,335,30,21,153,1,2,713,859
Q9HB58,SP110,Q9HB58-7,245,22,15,107,1,2,555,859
Q9HCK8,CHD8,Q9HCK8,342,138,126,243,36,45,2581,1250
Q9HCK8,CHD8,Q9HCK8-2,908,78,74,142,26,32,2302,1250
Q9NP73,ALG13,Q9NP73,295,106,95,240,10,11,1137,1337
Q9NP73,ALG13,Q9NP73-2,87,9,9,26,6,7,165,1337
Q9NP73,ALG13,Q9NP73-3,371,97,86,221,6,6,1059,1337
Q9NP73,ALG13,Q9NP73-4,584,94,83,203,4,4,954,1337
Q9NPI1,BRD7,Q9NPI1,0,0,0,0,0,0,651,0
Q9NPI1,BRD7,Q9NPI1-2,0,0,0,0,0,0,652,0
Q9NQC1,JADE2,Q9NQC1,0,0,0,0,0,0,790,1
Q9NQC1,JADE2,Q9NQC1-2,0,0,0,0,0,0,789,1
Q9NQC1,JADE2,Q9NQC1-3,1,0,0,0,0,0,562,1
Q9NQR1,KMT5A,Q9NQR1,0,0,0,0,0,0,393,0
Q9NQR1,KMT5A,Q9NQR1-2,0,0,0,0,0,0,352,0
Q9NQV8,PRDM8,Q9NQV8,36,0,0,36,0,0,689,36
Q9NQV8,PRDM8,Q9NQV8-2,0,0,0,0,0,0,334,36
Q9NQW5,PRDM7,Q9NQW5,0,0,0,0,0,0,492,0
Q9NQW5,PRDM7,Q9NQW5-1,0,0,0,0,0,0,407,0
Q9NQW5,PRDM7,Q9NQW5-2,0,0,0,0,0,0,171,0
Q9NQX0,PRDM6,Q9NQX0,5,0,0,3,2,3,595,5
Q9NQX0,PRDM6,Q9NQX0-1,0,0,0,0,0,0,413,5
Q9NQX0,PRDM6,Q9NQX0-2,0,0,0,0,0,0,131,5
Q9NQX1,PRDM5,Q9NQX1,24,8,8,20,4,5,630,358
Q9NQX1,PRDM5,Q9NQX1-2,168,17,15,37,8,10,599,358
Q9NQX1,PRDM5,Q9NQX1-3,12,0,0,2,2,3,111,358
Q9NQX1,PRDM5,Q9NQX1-4,154,17,15,35,8,10,501,358
Q9NR48,ASH1L,Q9NR48,60,14,11,48,1,3,2969,1156
Q9NR48,ASH1L,Q9NR48-2,1096,56,44,212,4,12,2964,1156
Q9NRG4,SMYD2,Q9NRG4,0,0,0,0,0,0,433,0
Q9NRG4,SMYD2,Q9NRG4-2,0,0,0,0,0,0,272,0
Q9NRL2,BAZ1A,Q9NRL2,2,0,0,0,0,2,1556,6
Q9NRL2,BAZ1A,Q9NRL2-2,4,0,0,0,0,1,1524,6
Q9NSI6,BRWD1,Q9NSI6,7,0,0,4,3,5,2320,35
Q9NSI6,BRWD1,Q9NSI6-2,18,0,0,4,3,5,2269,35
Q9NSI6,BRWD1,Q9NSI6-3,8,0,0,0,0,0,2199,35
Q9NSI6,BRWD1,Q9NSI6-4,2,0,0,1,0,0,120,35
Q9NTX5,CHD1,Q9NTX5,0,0,0,0,0,0,307,8
Q9NTX5,CHD1,Q9NTX5-2,6,0,0,0,3,3,301,8
Q9NTX5,CHD1,Q9NTX5-3,2,0,0,0,1,1,226,8
Q9NTX5,CHD1,Q9NTX5-4,0,0,0,0,0,0,70,8
Q9NTX5,CHD1,Q9NTX5-5,0,0,0,0,0,0,145,8
Q9NTX5,CHD1,Q9NTX5-6,0,0,0,0,0,0,284,8
Q9NUN5,MBD1,Q9NUN5,74,3,2,72,0,0,540,1194
Q9NUN5,MBD1,Q9NUN5-2,0,0,0,0,0,0,392,1194
Q9NUN5,MBD1,Q9NUN5-3,1120,30,20,550,0,0,467,1194
Q9NUN5,MBD1,Q9NUN5-4,0,0,0,0,0,0,188,1194
Q9NVD3,SETD4,Q9NVD3,0,0,0,0,0,0,440,0
Q9NVD3,SETD4,Q9NVD3-2,0,0,0,0,0,0,129,0
Q9NVD3,SETD4,Q9NVD3-3,0,0,0,0,0,0,416,0
Q9NVD3,SETD4,Q9NVD3-4,0,0,0,0,0,0,307,0
Q9NXR8,ING3,Q9NXR8,0,0,0,0,0,0,418,0
Q9NXR8,ING3,Q9NXR8-2,0,0,0,0,0,0,92,0
Q9NXR8,ING3,Q9NXR8-3,0,0,0,0,0,0,93,0
Q9P0U4,CXXC1,Q9P0U4,0,0,0,0,0,0,656,0
Q9P0U4,CXXC1,Q9P0U4-2,0,0,0,0,0,0,660,0
Q9P1Y6,PHRF1,Q9P1Y6,1,0,0,1,0,0,1649,13
Q9P1Y6,PHRF1,Q9P1Y6-2,4,0,0,0,0,0,1494,13
Q9P1Y6,PHRF1,Q9P1Y6-3,8,0,0,1,0,0,1648,13
Q9P267,MBD5,Q9P267,576,288,272,457,10,13,1494,889
Q9P267,MBD5,Q9P267-2,313,0,0,0,0,0,851,889
Q9P2D1,CHD7,Q9P2D1,1122,650,467,925,75,100,2997,2389
Q9P2D1,CHD7,Q9P2D1-2,365,0,0,0,0,0,1138,2389
Q9P2D1,CHD7,Q9P2D1-3,0,0,0,0,0,0,1210,2389
Q9P2D1,CHD7,Q9P2D1-4,902,266,179,326,8,9,948,2389
Q9P2R6,RERE,Q9P2R6,152,32,30,130,14,28,1566,668
Q9P2R6,RERE,Q9P2R6-2,516,26,24,106,14,28,1012,668
Q9UBB5,MBD2,Q9UBB5,0,0,0,0,0,0,411,0
Q9UBB5,MBD2,Q9UBB5-3,0,0,0,0,0,0,302,0
Q9UBN7,HDAC6,Q9UBN7,36,27,27,27,0,0,1215,36
Q9UBN7,HDAC6,Q9UBN7-2,0,0,0,0,0,0,1063,36
Q9UGL1,KDM5B,Q9UGL1,13,1,1,12,0,1,1544,89
Q9UGL1,KDM5B,Q9UGL1-2,76,1,1,12,0,1,1580,89
Q9UGU0,TCF20,Q9UGU0,170,55,45,140,5,5,1960,606
Q9UGU0,TCF20,Q9UGU0-2,436,33,27,90,3,3,1938,606
Q9UIF8,BAZ2B,Q9UIF8,5,1,1,3,0,2,2168,28
Q9UIF8,BAZ2B,Q9UIF8-2,0,0,0,0,0,0,2068,28
Q9UIF8,BAZ2B,Q9UIF8-3,0,0,0,0,0,0,2134,28
Q9UIF8,BAZ2B,Q9UIF8-4,0,0,0,0,0,0,1972,28
Q9UIF8,BAZ2B,Q9UIF8-5,23,1,1,3,0,2,2132,28
Q9UIF9,BAZ2A,Q9UIF9,0,0,0,0,0,0,1905,0
Q9UIF9,BAZ2A,Q9UIF9-2,0,0,0,0,0,0,1878,0
Q9UIF9,BAZ2A,Q9UIF9-3,0,0,0,0,0,0,1901,0
Q9UIG0,BAZ1B,Q9UIG0,2,0,0,2,0,0,1483,2
Q9UIG0,BAZ1B,Q9UIG0-2,0,0,0,0,0,0,1479,2
Q9UIL8,PHF11,Q9UIL8,0,0,0,0,0,0,331,0
Q9UIL8,PHF11,Q9UIL8-2,0,0,0,0,0,0,292,0
Q9UIS9,MBD1,Q9UIS9,3,3,0,3,0,0,605,42
Q9UIS9,MBD1,Q9UIS9-10,3,1,0,1,0,0,567,42
Q9UIS9,MBD1,Q9UIS9-11,3,1,0,1,0,0,535,42
Q9UIS9,MBD1,Q9UIS9-12,3,1,0,1,0,0,655,42
Q9UIS9,MBD1,Q9UIS9-2,6,2,0,2,0,0,586,42
Q9UIS9,MBD1,Q9UIS9-4,3,1,0,1,0,0,503,42
Q9UIS9,MBD1,Q9UIS9-5,3,1,0,1,0,0,556,42
Q9UIS9,MBD1,Q9UIS9-6,3,1,0,1,0,0,550,42
Q9UIS9,MBD1,Q9UIS9-7,6,2,0,2,0,0,549,42
Q9UIS9,MBD1,Q9UIS9-8,3,1,0,1,0,0,536,42
Q9UIS9,MBD1,Q9UIS9-9,6,2,0,2,0,0,630,42
Q9UK53,ING1,Q9UK53,0,0,0,0,0,0,422,21
Q9UK53,ING1,Q9UK53-2,6,0,0,0,0,3,279,21
Q9UK53,ING1,Q9UK53-3,6,0,0,0,0,3,210,21
Q9UK53,ING1,Q9UK53-4,6,0,0,0,0,3,235,21
Q9UK53,ING1,Q9UK53-5,3,0,0,0,0,3,262,21
Q9UKV0,HDAC9,Q9UKV0,0,0,0,0,0,0,1011,42
Q9UKV0,HDAC9,Q9UKV0-10,2,0,0,0,0,0,562,42
Q9UKV0,HDAC9,Q9UKV0-11,2,0,0,0,0,0,513,42
Q9UKV0,HDAC9,Q9UKV0-2,0,0,0,0,0,0,923,42
Q9UKV0,HDAC9,Q9UKV0-3,2,0,0,0,0,0,590,42
Q9UKV0,HDAC9,Q9UKV0-4,0,0,0,0,0,0,879,42
Q9UKV0,HDAC9,Q9UKV0-5,8,0,0,0,0,0,1066,42
Q9UKV0,HDAC9,Q9UKV0-6,8,0,0,0,0,0,1025,42
Q9UKV0,HDAC9,Q9UKV0-7,16,0,0,0,0,0,1069,42
Q9UKV0,HDAC9,Q9UKV0-8,2,0,0,0,0,0,588,42
Q9UKV0,HDAC9,Q9UKV0-9,2,0,0,0,0,0,546,42
Q9ULD4,BRPF3,Q9ULD4,0,0,0,0,0,0,1205,0
Q9ULD4,BRPF3,Q9ULD4-2,0,0,0,0,0,0,935,0
Q9ULD4,BRPF3,Q9ULD4-3,0,0,0,0,0,0,871,0
Q9UNL4,ING4,Q9UNL4,1,0,0,1,0,0,249,11
Q9UNL4,ING4,Q9UNL4-2,2,0,0,1,0,0,248,11
Q9UNL4,ING4,Q9UNL4-3,2,0,0,1,0,0,225,11
Q9UNL4,ING4,Q9UNL4-4,2,0,0,1,0,0,245,11
Q9UNL4,ING4,Q9UNL4-5,2,0,0,1,0,0,246,11
Q9UNL4,ING4,Q9UNL4-6,0,0,0,0,0,0,248,11
Q9UNL4,ING4,Q9UNL4-7,0,0,0,0,0,0,246,11
Q9UNL4,ING4,Q9UNL4-8,2,0,0,1,0,0,179,11
Q9UPP1,PHF8,Q9UPP1,11,6,6,8,0,0,1060,226
Q9UPP1,PHF8,Q9UPP1-2,96,7,7,16,1,1,1024,226
Q9UPP1,PHF8,Q9UPP1-3,0,0,0,0,0,0,959,226
Q9UPP1,PHF8,Q9UPP1-4,48,7,7,14,1,1,948,226
Q9UPP1,PHF8,Q9UPP1-5,71,3,3,11,1,1,878,226
Q9UQL6,HDAC5,Q9UQL6,0,0,0,0,0,0,1122,15
Q9UQL6,HDAC5,Q9UQL6-2,5,0,0,0,0,0,1037,15
Q9UQL6,HDAC5,Q9UQL6-3,10,0,0,0,0,0,1123,15
Q9UQR0,SCML2,Q9UQR0,0,0,0,0,0,0,700,0
Q9UQR0,SCML2,Q9UQR0-2,0,0,0,0,0,0,138,0
Q9Y232,CDYL,Q9Y232,0,0,0,0,0,0,598,0
Q9Y232,CDYL,Q9Y232-2,0,0,0,0,0,0,544,0
Q9Y232,CDYL,Q9Y232-3,0,0,0,0,0,0,309,0
Q9Y232,CDYL,Q9Y232-4,0,0,0,0,0,0,412,0
Q9Y2K7,KDM2A,Q9Y2K7,0,0,0,0,0,0,1162,0
Q9Y2K7,KDM2A,Q9Y2K7-2,0,0,0,0,0,0,856,0
Q9Y2K7,KDM2A,Q9Y2K7-3,0,0,0,0,0,0,782,0
Q9Y2K7,KDM2A,Q9Y2K7-4,0,0,0,0,0,0,620,0
Q9Y2K7,KDM2A,Q9Y2K7-5,0,0,0,0,0,0,723,0
Q9Y2W6,TDRKH,Q9Y2W6,4,0,0,4,4,4,561,7
Q9Y2W6,TDRKH,Q9Y2W6-3,3,0,0,1,1,1,516,7
Q9Y3Y4,PYGO1,Q9Y3Y4,0,0,0,0,0,0,419,0
Q9Y3Y4,PYGO1,Q9Y3Y4-2,0,0,0,0,0,0,419,0
Q9Y483,MTF2,Q9Y483,0,0,0,0,0,0,593,0
Q9Y483,MTF2,Q9Y483-3,0,0,0,0,0,0,491,0
Q9Y483,MTF2,Q9Y483-2,0,0,0,0,0,0,262,0
Q9Y483,MTF2,Q9Y483-4,0,0,0,0,0,0,536,0
Q9Y6F8,CDY1,Q9Y6F8,0,0,0,0,0,0,540,0
Q9Y6F8,CDY1,Q9Y6F8-2,0,0,0,0,0,0,554,0
Q9Y6X9,MORC2,Q9Y6X9-2,574,36,36,266,38,37,970,635
Q9Y6X9,MORC2,Q9Y6X9,61,11,11,49,20,19,1032,635
Q9Y6Y1,MTA1,Q9Y6Y1,51,15,15,34,3,5,1673,73
Q9Y6Y1,MTA1,Q9Y6Y1-3,11,0,0,3,0,0,80,73
Q9Y6Y1,MTA1,Q9Y6Y1-4,11,0,0,3,0,0,101,73
Q9Y6Y1,MTA1,Q9Y6Y1-2,0,0,0,0,0,0,1659,73
